720.000
702.000
696.000
689.000
693.000
702.000
702.000
701.000
702.000
700.000
700.000
701.000
701.000
702.000
697.000
703.000
701.000
700.000
702.000
705.000
699.000
702.000
704.000
697.000
698.000
700.000
702.000
703.000
702.000
698.000
699.000
700.000
698.000
702.000
703.000
704.000
705.000
703.000
700.000
701.000
699.000
700.000
710.000
701.000
701.000
699.000
695.000
696.000
702.000
704.000
702.000
700.000
704.000
698.000
700.000
702.000
705.000
701.000
702.000
700.000
701.000
701.000
704.000
702.000
700.000
702.000
701.000
702.000
701.000
701.000
705.000
700.000
700.000
702.000
706.000
704.000
699.000
696.000
703.000
704.000
696.000
699.000
700.000
697.000
698.000
699.000
700.000
703.000
705.000
704.000
697.000
695.000
705.000
701.000
706.000
699.000
701.000
702.000
703.000
697.000
701.000
698.000
702.000
699.000
703.000
701.000
705.000
704.000
699.000
699.000
708.000
702.000
701.000
701.000
699.000
701.000
707.000
701.000
700.000
697.000
704.000
700.000
699.000
702.000
700.000
700.000
704.000
703.000
700.000
697.000
705.000
705.000
706.000
699.000
700.000
704.000
704.000
703.000
698.000
704.000
703.000
706.000
697.000
702.000
702.000
705.000
705.000
700.000
703.000
702.000
700.000
698.000
698.000
707.000
701.000
699.000
702.000
701.000
704.000
703.000
704.000
701.000
704.000
701.000
701.000
702.000
702.000
701.000
696.000
702.000
702.000
701.000
701.000
703.000
706.000
703.000
700.000
699.000
701.000
703.000
700.000
703.000
701.000
702.000
701.000
700.000
701.000
700.000
701.000
698.000
701.000
701.000
699.000
699.000
697.000
701.000
704.000
704.000
702.000
702.000
706.000
704.000
703.000
701.000
705.000
705.000
701.000
708.000
709.000
703.000
708.000
705.000
699.000
702.000
706.000
704.000
701.000
698.000
709.000
700.000
701.000
698.000
700.000
707.000
704.000
709.000
702.000
701.000
699.000
702.000
703.000
701.000
701.000
698.000
703.000
699.000
705.000
697.000
709.000
705.000
702.000
700.000
704.000
701.000
704.000
707.000
699.000
705.000
704.000
702.000
704.000
704.000
704.000
702.000
703.000
703.000
704.000
701.000
701.000
703.000
701.000
702.000
707.000
703.000
724.000
707.000
741.000
707.000
702.000
706.000
701.000
709.000
702.000
702.000
703.000
702.000
707.000
702.000
704.000
700.000
711.000
703.000
705.000
710.000
707.000
712.000
712.000
707.000
709.000
709.000
713.000
710.000
716.000
711.000
706.000
711.000
717.000
710.000
717.000
719.000
722.000
726.000
729.000
735.000
734.000
736.000
744.000
755.000
767.000
771.000
771.000
778.000
763.000
754.000
761.000
746.000
749.000
746.000
751.000
747.000
749.000
756.000
745.000
747.000
754.000
741.000
747.000
752.000
747.000
752.000
748.000
748.000
755.000
826.000
848.000
848.000
798.000
753.000
746.000
742.000
743.000
746.000
738.000
739.000
732.000
731.000
730.000
733.000
726.000
739.000
730.000
730.000
734.000
726.000
723.000
725.000
725.000
729.000
724.000
722.000
721.000
724.000
723.000
717.000
716.000
718.000
716.000
722.000
714.000
714.000
718.000
715.000
712.000
713.000
716.000
714.000
713.000
713.000
711.000
712.000
711.000
708.000
708.000
710.000
718.000
711.000
709.000
710.000
708.000
704.000
705.000
709.000
710.000
712.000
713.000
705.000
709.000
714.000
709.000
704.000
711.000
705.000
708.000
707.000
711.000
710.000
707.000
708.000
708.000
711.000
707.000
707.000
709.000
704.000
708.000
705.000
706.000
711.000
710.000
705.000
705.000
711.000
706.000
713.000
705.000
711.000
705.000
711.000
711.000
710.000
712.000
707.000
707.000
714.000
709.000
714.000
706.000
705.000
707.000
706.000
711.000
711.000
710.000
708.000
705.000
710.000
709.000
708.000
709.000
710.000
709.000
713.000
708.000
703.000
714.000
709.000
707.000
711.000
706.000
710.000
712.000
705.000
710.000
706.000
710.000
707.000
708.000
709.000
705.000
711.000
708.000
712.000
708.000
705.000
706.000
707.000
707.000
707.000
709.000
713.000
710.000
707.000
709.000
711.000
712.000
709.000
712.000
707.000
711.000
704.000
709.000
709.000
707.000
707.000
709.000
709.000
707.000
705.000
711.000
707.000
707.000
710.000
710.000
713.000
711.000
705.000
709.000
709.000
709.000
728.000
746.000
719.000
714.000
717.000
712.000
709.000
714.000
712.000
715.000
714.000
711.000
727.000
742.000
722.000
717.000
716.000
708.000
709.000
713.000
722.000
724.000
725.000
718.000
713.000
713.000
713.000
716.000
721.000
723.000
721.000
723.000
723.000
718.000
728.000
728.000
724.000
721.000
720.000
720.000
724.000
723.000
725.000
719.000
724.000
721.000
724.000
725.000
726.000
724.000
721.000
720.000
721.000
718.000
724.000
720.000
723.000
720.000
721.000
729.000
743.000
742.000
741.000
732.000
724.000
722.000
718.000
723.000
721.000
714.000
716.000
720.000
720.000
712.000
716.000
715.000
720.000
714.000
716.000
713.000
717.000
716.000
714.000
719.000
716.000
718.000
718.000
715.000
720.000
719.000
726.000
720.000
722.000
726.000
732.000
736.000
734.000
732.000
721.000
720.000
719.000
714.000
715.000
715.000
715.000
714.000
712.000
710.000
717.000
717.000
715.000
716.000
711.000
713.000
713.000
713.000
708.000
711.000
712.000
713.000
713.000
710.000
714.000
712.000
709.000
717.000
719.000
718.000
717.000
719.000
714.000
721.000
722.000
721.000
724.000
717.000
720.000
718.000
717.000
711.000
721.000
718.000
714.000
712.000
710.000
715.000
712.000
711.000
709.000
714.000
710.000
711.000
710.000
709.000
712.000
716.000
714.000
711.000
713.000
714.000
710.000
711.000
711.000
712.000
708.000
742.000
712.000
710.000
707.000
720.000
712.000
713.000
715.000
711.000
712.000
715.000
716.000
714.000
709.000
715.000
716.000
714.000
717.000
717.000
711.000
718.000
717.000
723.000
722.000
722.000
717.000
722.000
731.000
727.000
740.000
738.000
753.000
775.000
780.000
805.000
849.000
921.000
944.000
951.000
905.000
863.000
825.000
808.000
784.000
770.000
766.000
771.000
763.000
763.000
757.000
750.000
754.000
751.000
748.000
750.000
751.000
756.000
750.000
744.000
740.000
742.000
736.000
739.000
733.000
731.000
727.000
727.000
724.000
722.000
720.000
722.000
717.000
722.000
722.000
716.000
718.000
714.000
713.000
715.000
717.000
715.000
715.000
715.000
714.000
713.000
717.000
711.000
713.000
716.000
716.000
719.000
719.000
715.000
717.000
720.000
717.000
724.000
718.000
721.000
715.000
715.000
710.000
719.000
715.000
717.000
714.000
716.000
719.000
719.000
721.000
722.000
720.000
717.000
715.000
718.000
720.000
719.000
716.000
718.000
718.000
715.000
715.000
715.000
720.000
723.000
715.000
718.000
719.000
719.000
718.000
722.000
721.000
715.000
720.000
718.000
721.000
712.000
712.000
720.000
720.000
717.000
712.000
714.000
719.000
716.000
717.000
714.000
713.000
714.000
715.000
718.000
716.000
725.000
726.000
721.000
731.000
730.000
735.000
726.000
726.000
726.000
723.000
714.000
714.000
714.000
712.000
710.000
708.000
709.000
712.000
704.000
711.000
709.000
707.000
711.000
707.000
710.000
707.000
706.000
714.000
704.000
708.000
708.000
703.000
711.000
714.000
706.000
708.000
706.000
707.000
708.000
708.000
706.000
704.000
709.000
707.000
709.000
708.000
707.000
702.000
707.000
701.000
703.000
711.000
706.000
711.000
709.000
705.000
706.000
708.000
708.000
709.000
704.000
704.000
705.000
703.000
710.000
707.000
711.000
705.000
709.000
708.000
704.000
705.000
703.000
707.000
704.000
711.000
702.000
706.000
700.000
708.000
708.000
703.000
706.000
715.000
709.000
708.000
707.000
705.000
707.000
705.000
702.000
706.000
707.000
705.000
704.000
705.000
708.000
709.000
705.000
709.000
711.000
707.000
708.000
709.000
710.000
708.000
710.000
709.000
705.000
709.000
707.000
709.000
706.000
700.000
703.000
703.000
706.000
701.000
704.000
712.000
708.000
711.000
711.000
717.000
712.000
711.000
712.000
707.000
705.000
707.000
713.000
711.000
710.000
707.000
707.000
710.000
703.000
708.000
702.000
706.000
710.000
705.000
707.000
705.000
707.000
708.000
707.000
709.000
707.000
706.000
711.000
705.000
706.000
708.000
706.000
703.000
705.000
704.000
703.000
704.000
706.000
700.000
705.000
706.000
708.000
705.000
706.000
706.000
705.000
702.000
706.000
703.000
710.000
708.000
706.000
706.000
708.000
708.000
702.000
701.000
703.000
702.000
705.000
705.000
704.000
707.000
707.000
702.000
709.000
703.000
703.000
701.000
701.000
700.000
701.000
704.000
705.000
708.000
711.000
708.000
703.000
706.000
707.000
704.000
706.000
703.000
706.000
705.000
702.000
700.000
701.000
702.000
698.000
703.000
693.000
697.000
695.000
693.000
