713.000
694.000
692.000
693.000
695.000
701.000
697.000
702.000
698.000
704.000
701.000
699.000
698.000
697.000
698.000
701.000
701.000
701.000
703.000
701.000
698.000
697.000
700.000
695.000
699.000
697.000
696.000
705.000
700.000
700.000
703.000
700.000
702.000
701.000
699.000
704.000
699.000
701.000
700.000
701.000
704.000
704.000
706.000
706.000
699.000
703.000
701.000
697.000
699.000
704.000
701.000
700.000
701.000
698.000
701.000
702.000
703.000
702.000
702.000
700.000
697.000
697.000
704.000
701.000
703.000
704.000
701.000
697.000
699.000
703.000
700.000
703.000
696.000
700.000
703.000
702.000
700.000
698.000
703.000
702.000
702.000
702.000
703.000
701.000
699.000
705.000
704.000
698.000
701.000
699.000
698.000
698.000
697.000
699.000
701.000
703.000
703.000
704.000
701.000
699.000
700.000
699.000
700.000
697.000
703.000
701.000
702.000
700.000
696.000
700.000
701.000
700.000
700.000
699.000
703.000
702.000
701.000
702.000
700.000
698.000
700.000
702.000
700.000
696.000
701.000
698.000
698.000
700.000
702.000
701.000
702.000
701.000
697.000
700.000
700.000
704.000
696.000
707.000
699.000
714.000
700.000
701.000
702.000
702.000
701.000
702.000
703.000
698.000
701.000
697.000
699.000
699.000
700.000
701.000
701.000
701.000
701.000
698.000
700.000
702.000
700.000
698.000
702.000
702.000
698.000
700.000
703.000
705.000
696.000
697.000
701.000
698.000
695.000
702.000
704.000
704.000
700.000
701.000
703.000
697.000
703.000
697.000
700.000
702.000
700.000
702.000
701.000
702.000
699.000
698.000
702.000
703.000
701.000
697.000
700.000
699.000
700.000
702.000
698.000
699.000
700.000
699.000
698.000
701.000
701.000
702.000
700.000
702.000
703.000
698.000
700.000
701.000
701.000
701.000
703.000
705.000
703.000
699.000
698.000
697.000
698.000
703.000
700.000
696.000
703.000
704.000
702.000
699.000
698.000
701.000
706.000
708.000
706.000
702.000
707.000
704.000
704.000
704.000
706.000
698.000
702.000
702.000
702.000
700.000
701.000
700.000
701.000
703.000
704.000
702.000
696.000
703.000
704.000
705.000
704.000
704.000
704.000
704.000
704.000
702.000
701.000
709.000
699.000
703.000
722.000
703.000
736.000
705.000
702.000
705.000
703.000
701.000
701.000
705.000
703.000
706.000
703.000
700.000
708.000
703.000
707.000
708.000
705.000
705.000
708.000
705.000
704.000
711.000
705.000
706.000
714.000
708.000
712.000
710.000
710.000
712.000
710.000
715.000
717.000
722.000
722.000
725.000
730.000
734.000
729.000
737.000
743.000
758.000
764.000
766.000
768.000
768.000
762.000
760.000
755.000
748.000
742.000
747.000
741.000
748.000
745.000
750.000
749.000
745.000
755.000
747.000
745.000
748.000
750.000
744.000
748.000
752.000
768.000
822.000
848.000
845.000
786.000
749.000
748.000
741.000
734.000
740.000
740.000
736.000
740.000
735.000
729.000
734.000
736.000
728.000
734.000
724.000
725.000
725.000
725.000
728.000
722.000
723.000
723.000
722.000
725.000
718.000
719.000
721.000
719.000
716.000
717.000
715.000
717.000
711.000
708.000
710.000
711.000
714.000
717.000
716.000
711.000
709.000
711.000
705.000
707.000
708.000
709.000
706.000
713.000
709.000
712.000
705.000
708.000
711.000
710.000
708.000
710.000
706.000
713.000
712.000
707.000
703.000
711.000
708.000
707.000
702.000
711.000
710.000
709.000
703.000
706.000
707.000
705.000
704.000
706.000
711.000
707.000
704.000
707.000
709.000
705.000
710.000
705.000
706.000
706.000
709.000
706.000
711.000
707.000
709.000
702.000
708.000
708.000
704.000
709.000
704.000
704.000
711.000
706.000
703.000
703.000
707.000
707.000
710.000
708.000
704.000
703.000
706.000
704.000
705.000
707.000
707.000
706.000
708.000
706.000
707.000
709.000
704.000
711.000
706.000
710.000
707.000
704.000
705.000
709.000
707.000
707.000
705.000
705.000
708.000
707.000
709.000
705.000
704.000
707.000
705.000
710.000
709.000
702.000
708.000
705.000
708.000
707.000
716.000
706.000
706.000
707.000
703.000
707.000
706.000
707.000
705.000
707.000
708.000
700.000
707.000
706.000
710.000
705.000
706.000
706.000
711.000
709.000
709.000
707.000
706.000
703.000
709.000
713.000
711.000
705.000
711.000
712.000
725.000
747.000
712.000
709.000
710.000
713.000
709.000
709.000
711.000
708.000
711.000
714.000
720.000
736.000
724.000
718.000
715.000
715.000
713.000
711.000
720.000
730.000
721.000
717.000
711.000
713.000
717.000
711.000
716.000
718.000
720.000
719.000
719.000
722.000
722.000
717.000
721.000
720.000
721.000
726.000
719.000
719.000
721.000
718.000
720.000
720.000
721.000
723.000
721.000
720.000
719.000
723.000
721.000
715.000
718.000
717.000
716.000
723.000
727.000
732.000
742.000
745.000
736.000
729.000
725.000
718.000
715.000
719.000
719.000
716.000
716.000
718.000
710.000
719.000
715.000
713.000
714.000
717.000
720.000
713.000
719.000
717.000
719.000
716.000
715.000
715.000
718.000
715.000
720.000
717.000
716.000
718.000
721.000
726.000
724.000
733.000
728.000
725.000
722.000
716.000
720.000
720.000
720.000
711.000
715.000
717.000
715.000
713.000
713.000
711.000
713.000
713.000
714.000
715.000
713.000
714.000
709.000
715.000
710.000
713.000
713.000
707.000
716.000
712.000
713.000
714.000
717.000
715.000
719.000
717.000
712.000
714.000
714.000
721.000
722.000
714.000
718.000
710.000
719.000
717.000
713.000
710.000
715.000
715.000
713.000
709.000
708.000
715.000
716.000
711.000
708.000
711.000
709.000
710.000
711.000
713.000
714.000
708.000
711.000
714.000
709.000
716.000
709.000
705.000
706.000
748.000
711.000
714.000
708.000
712.000
707.000
712.000
709.000
716.000
710.000
713.000
712.000
715.000
717.000
712.000
713.000
714.000
725.000
712.000
714.000
719.000
719.000
720.000
716.000
719.000
721.000
720.000
730.000
729.000
739.000
739.000
749.000
759.000
779.000
797.000
859.000
910.000
944.000
935.000
899.000
862.000
826.000
802.000
785.000
770.000
770.000
764.000
758.000
761.000
758.000
755.000
750.000
756.000
750.000
751.000
751.000
755.000
753.000
749.000
747.000
740.000
741.000
734.000
735.000
729.000
723.000
727.000
727.000
723.000
724.000
721.000
716.000
722.000
717.000
713.000
715.000
715.000
713.000
718.000
715.000
713.000
714.000
715.000
715.000
714.000
711.000
712.000
715.000
714.000
716.000
715.000
718.000
716.000
716.000
720.000
715.000
725.000
713.000
717.000
713.000
717.000
718.000
717.000
712.000
717.000
713.000
719.000
716.000
720.000
719.000
719.000
720.000
718.000
717.000
716.000
714.000
715.000
715.000
717.000
721.000
712.000
716.000
716.000
717.000
719.000
719.000
717.000
714.000
717.000
713.000
717.000
716.000
718.000
712.000
716.000
712.000
715.000
714.000
719.000
712.000
718.000
717.000
716.000
717.000
716.000
716.000
719.000
715.000
715.000
724.000
720.000
717.000
715.000
720.000
727.000
733.000
729.000
733.000
729.000
723.000
726.000
723.000
714.000
711.000
717.000
712.000
712.000
710.000
710.000
710.000
708.000
706.000
706.000
709.000
705.000
707.000
710.000
707.000
705.000
712.000
706.000
709.000
707.000
703.000
709.000
710.000
701.000
706.000
711.000
707.000
706.000
703.000
706.000
706.000
704.000
704.000
706.000
706.000
705.000
709.000
704.000
705.000
704.000
705.000
712.000
705.000
707.000
702.000
707.000
707.000
708.000
708.000
704.000
702.000
709.000
700.000
709.000
703.000
705.000
707.000
707.000
708.000
705.000
707.000
709.000
710.000
705.000
708.000
703.000
704.000
703.000
704.000
708.000
705.000
704.000
710.000
710.000
705.000
707.000
709.000
705.000
705.000
706.000
706.000
707.000
705.000
708.000
707.000
702.000
704.000
707.000
707.000
704.000
703.000
707.000
702.000
707.000
707.000
709.000
706.000
708.000
711.000
703.000
713.000
706.000
703.000
702.000
704.000
701.000
707.000
708.000
706.000
705.000
709.000
714.000
716.000
715.000
709.000
715.000
713.000
709.000
706.000
710.000
708.000
709.000
707.000
709.000
705.000
705.000
705.000
703.000
706.000
708.000
709.000
709.000
705.000
703.000
706.000
707.000
706.000
702.000
706.000
702.000
703.000
704.000
708.000
707.000
703.000
708.000
703.000
704.000
701.000
709.000
704.000
707.000
706.000
704.000
705.000
700.000
707.000
704.000
704.000
701.000
705.000
706.000
704.000
703.000
701.000
704.000
703.000
705.000
704.000
709.000
702.000
704.000
701.000
705.000
704.000
703.000
703.000
706.000
702.000
704.000
702.000
703.000
702.000
702.000
706.000
704.000
700.000
707.000
706.000
707.000
705.000
707.000
706.000
698.000
699.000
702.000
701.000
701.000
702.000
701.000
707.000
703.000
702.000
692.000
691.000
691.000
691.000
