716.000
696.000
696.000
692.000
697.000
695.000
701.000
702.000
697.000
701.000
694.000
702.000
699.000
700.000
699.000
702.000
699.000
701.000
707.000
698.000
697.000
699.000
702.000
701.000
700.000
698.000
702.000
702.000
696.000
700.000
700.000
703.000
702.000
701.000
704.000
706.000
704.000
709.000
701.000
701.000
697.000
701.000
707.000
706.000
698.000
706.000
701.000
702.000
702.000
701.000
702.000
700.000
704.000
703.000
703.000
698.000
702.000
706.000
697.000
699.000
703.000
700.000
701.000
700.000
703.000
700.000
699.000
701.000
702.000
700.000
702.000
701.000
700.000
704.000
699.000
700.000
704.000
703.000
704.000
708.000
702.000
698.000
706.000
699.000
702.000
704.000
706.000
702.000
702.000
700.000
701.000
702.000
701.000
702.000
702.000
704.000
702.000
703.000
702.000
699.000
702.000
703.000
700.000
697.000
700.000
702.000
701.000
697.000
702.000
700.000
701.000
700.000
703.000
698.000
700.000
701.000
701.000
701.000
702.000
699.000
703.000
702.000
703.000
704.000
698.000
702.000
700.000
702.000
702.000
698.000
705.000
706.000
699.000
703.000
700.000
700.000
700.000
703.000
700.000
714.000
698.000
704.000
702.000
706.000
703.000
702.000
699.000
696.000
703.000
700.000
701.000
699.000
700.000
701.000
702.000
702.000
697.000
699.000
698.000
701.000
697.000
701.000
701.000
703.000
703.000
701.000
701.000
702.000
697.000
701.000
697.000
700.000
704.000
703.000
703.000
703.000
700.000
696.000
703.000
696.000
699.000
700.000
703.000
702.000
698.000
699.000
702.000
704.000
705.000
701.000
703.000
702.000
699.000
701.000
704.000
704.000
704.000
701.000
699.000
704.000
701.000
698.000
700.000
696.000
706.000
702.000
708.000
702.000
699.000
702.000
705.000
700.000
700.000
701.000
701.000
701.000
704.000
699.000
705.000
703.000
702.000
702.000
700.000
705.000
701.000
701.000
699.000
699.000
702.000
706.000
703.000
703.000
705.000
703.000
701.000
704.000
702.000
699.000
703.000
703.000
703.000
703.000
705.000
700.000
702.000
705.000
703.000
702.000
699.000
705.000
701.000
702.000
702.000
705.000
701.000
709.000
704.000
709.000
703.000
704.000
705.000
700.000
706.000
702.000
732.000
705.000
745.000
705.000
706.000
701.000
704.000
704.000
705.000
707.000
705.000
703.000
704.000
702.000
699.000
701.000
705.000
703.000
712.000
706.000
708.000
710.000
708.000
714.000
708.000
710.000
714.000
712.000
713.000
713.000
710.000
712.000
714.000
712.000
717.000
722.000
726.000
728.000
726.000
733.000
740.000
738.000
746.000
762.000
767.000
778.000
772.000
779.000
766.000
766.000
758.000
754.000
749.000
745.000
747.000
749.000
750.000
750.000
745.000
755.000
752.000
755.000
755.000
742.000
750.000
752.000
751.000
754.000
773.000
835.000
853.000
851.000
795.000
746.000
746.000
746.000
748.000
745.000
743.000
740.000
734.000
743.000
730.000
732.000
729.000
736.000
729.000
723.000
727.000
724.000
730.000
725.000
726.000
723.000
724.000
720.000
723.000
722.000
723.000
719.000
717.000
713.000
713.000
718.000
714.000
720.000
716.000
714.000
716.000
714.000
716.000
717.000
715.000
712.000
711.000
710.000
711.000
708.000
710.000
708.000
708.000
708.000
712.000
712.000
708.000
708.000
705.000
707.000
709.000
711.000
723.000
709.000
710.000
706.000
706.000
706.000
709.000
715.000
707.000
708.000
711.000
708.000
707.000
704.000
709.000
710.000
708.000
709.000
707.000
708.000
708.000
714.000
704.000
708.000
706.000
707.000
706.000
707.000
706.000
707.000
707.000
713.000
708.000
704.000
711.000
708.000
709.000
709.000
704.000
705.000
706.000
707.000
709.000
708.000
704.000
705.000
712.000
710.000
709.000
712.000
700.000
709.000
711.000
707.000
707.000
711.000
705.000
709.000
707.000
708.000
712.000
708.000
710.000
705.000
703.000
708.000
711.000
710.000
707.000
704.000
712.000
714.000
706.000
708.000
708.000
712.000
709.000
707.000
708.000
709.000
710.000
711.000
706.000
711.000
710.000
712.000
706.000
706.000
708.000
708.000
704.000
705.000
708.000
708.000
712.000
705.000
703.000
714.000
706.000
708.000
710.000
706.000
708.000
709.000
708.000
707.000
709.000
710.000
705.000
709.000
711.000
704.000
703.000
707.000
711.000
735.000
743.000
720.000
709.000
710.000
708.000
716.000
710.000
710.000
710.000
713.000
715.000
725.000
743.000
723.000
715.000
714.000
711.000
712.000
714.000
722.000
725.000
720.000
716.000
718.000
717.000
718.000
717.000
717.000
714.000
725.000
724.000
722.000
719.000
726.000
720.000
721.000
726.000
717.000
720.000
725.000
726.000
721.000
723.000
719.000
732.000
719.000
715.000
721.000
722.000
721.000
721.000
720.000
717.000
719.000
721.000
716.000
722.000
728.000
724.000
742.000
747.000
737.000
730.000
722.000
722.000
718.000
725.000
720.000
715.000
715.000
719.000
714.000
718.000
717.000
714.000
718.000
715.000
714.000
716.000
716.000
715.000
710.000
715.000
715.000
717.000
719.000
720.000
718.000
719.000
721.000
723.000
718.000
726.000
732.000
733.000
727.000
728.000
722.000
718.000
722.000
720.000
713.000
710.000
716.000
717.000
716.000
715.000
715.000
718.000
714.000
717.000
715.000
714.000
714.000
713.000
711.000
711.000
714.000
715.000
708.000
713.000
716.000
716.000
714.000
716.000
718.000
723.000
721.000
715.000
716.000
724.000
724.000
718.000
727.000
722.000
722.000
717.000
717.000
716.000
717.000
714.000
713.000
712.000
713.000
714.000
713.000
712.000
708.000
707.000
706.000
709.000
713.000
710.000
714.000
713.000
707.000
710.000
709.000
713.000
712.000
714.000
711.000
710.000
709.000
745.000
710.000
712.000
711.000
711.000
713.000
715.000
718.000
713.000
709.000
709.000
715.000
712.000
717.000
713.000
716.000
713.000
713.000
716.000
716.000
714.000
723.000
723.000
720.000
724.000
719.000
727.000
727.000
730.000
737.000
746.000
753.000
768.000
787.000
815.000
856.000
938.000
967.000
954.000
913.000
865.000
822.000
804.000
780.000
767.000
773.000
770.000
765.000
765.000
758.000
753.000
757.000
755.000
756.000
744.000
753.000
753.000
751.000
749.000
744.000
743.000
749.000
741.000
735.000
733.000
732.000
723.000
725.000
717.000
724.000
719.000
721.000
715.000
719.000
719.000
719.000
714.000
717.000
719.000
717.000
718.000
719.000
715.000
715.000
712.000
711.000
721.000
716.000
714.000
718.000
717.000
713.000
721.000
718.000
715.000
720.000
722.000
720.000
721.000
716.000
718.000
715.000
716.000
708.000
718.000
715.000
717.000
719.000
720.000
721.000
717.000
717.000
724.000
720.000
726.000
717.000
721.000
712.000
713.000
720.000
717.000
721.000
716.000
714.000
723.000
722.000
720.000
719.000
720.000
713.000
724.000
715.000
713.000
714.000
717.000
718.000
716.000
720.000
720.000
710.000
718.000
714.000
718.000
714.000
715.000
717.000
720.000
717.000
717.000
718.000
715.000
717.000
729.000
728.000
726.000
733.000
739.000
733.000
732.000
728.000
723.000
724.000
714.000
715.000
709.000
710.000
707.000
711.000
712.000
708.000
709.000
709.000
711.000
713.000
705.000
710.000
706.000
708.000
704.000
714.000
705.000
707.000
708.000
707.000
703.000
705.000
706.000
706.000
705.000
706.000
709.000
703.000
705.000
704.000
704.000
705.000
709.000
708.000
708.000
709.000
706.000
706.000
708.000
703.000
708.000
704.000
708.000
711.000
705.000
708.000
705.000
709.000
706.000
710.000
711.000
705.000
708.000
704.000
707.000
704.000
713.000
706.000
708.000
704.000
710.000
706.000
704.000
708.000
702.000
711.000
706.000
707.000
712.000
710.000
705.000
706.000
710.000
708.000
705.000
707.000
708.000
704.000
709.000
704.000
708.000
707.000
711.000
708.000
705.000
706.000
709.000
710.000
701.000
707.000
704.000
712.000
712.000
701.000
702.000
707.000
710.000
706.000
703.000
707.000
706.000
706.000
706.000
707.000
708.000
707.000
706.000
705.000
705.000
711.000
713.000
709.000
710.000
712.000
711.000
713.000
712.000
715.000
713.000
707.000
708.000
705.000
704.000
706.000
708.000
709.000
707.000
714.000
705.000
709.000
710.000
711.000
712.000
704.000
706.000
707.000
702.000
708.000
710.000
703.000
705.000
709.000
703.000
703.000
705.000
707.000
707.000
707.000
704.000
704.000
707.000
702.000
705.000
705.000
706.000
704.000
707.000
705.000
707.000
705.000
707.000
707.000
700.000
701.000
704.000
705.000
704.000
703.000
704.000
714.000
703.000
704.000
704.000
702.000
704.000
701.000
702.000
705.000
704.000
704.000
707.000
705.000
705.000
706.000
707.000
705.000
706.000
708.000
710.000
706.000
705.000
705.000
703.000
707.000
707.000
704.000
707.000
701.000
702.000
701.000
702.000
699.000
691.000
692.000
690.000
695.000
