715.000
697.000
692.000
691.000
692.000
697.000
698.000
700.000
698.000
699.000
698.000
698.000
696.000
695.000
701.000
700.000
698.000
700.000
697.000
701.000
698.000
702.000
700.000
700.000
696.000
697.000
698.000
698.000
700.000
699.000
699.000
702.000
699.000
695.000
704.000
697.000
698.000
703.000
702.000
699.000
699.000
699.000
703.000
699.000
704.000
700.000
699.000
703.000
701.000
696.000
700.000
699.000
696.000
697.000
700.000
701.000
707.000
701.000
701.000
697.000
698.000
700.000
702.000
702.000
700.000
703.000
702.000
701.000
701.000
700.000
701.000
700.000
697.000
702.000
697.000
700.000
699.000
700.000
697.000
700.000
697.000
702.000
700.000
701.000
700.000
702.000
699.000
698.000
698.000
699.000
696.000
702.000
700.000
702.000
704.000
698.000
698.000
697.000
701.000
701.000
705.000
696.000
696.000
700.000
703.000
695.000
699.000
697.000
700.000
702.000
703.000
696.000
700.000
699.000
702.000
702.000
701.000
702.000
701.000
700.000
704.000
696.000
697.000
697.000
699.000
703.000
698.000
702.000
697.000
701.000
705.000
700.000
699.000
700.000
701.000
702.000
696.000
704.000
698.000
709.000
703.000
703.000
700.000
703.000
702.000
697.000
697.000
702.000
703.000
697.000
699.000
699.000
701.000
699.000
705.000
700.000
696.000
696.000
704.000
700.000
701.000
697.000
701.000
704.000
698.000
697.000
702.000
704.000
700.000
699.000
695.000
704.000
701.000
700.000
702.000
701.000
698.000
698.000
702.000
698.000
704.000
705.000
700.000
701.000
703.000
696.000
702.000
700.000
704.000
698.000
705.000
704.000
701.000
701.000
701.000
701.000
701.000
702.000
698.000
701.000
698.000
701.000
703.000
699.000
706.000
704.000
704.000
703.000
703.000
700.000
702.000
702.000
702.000
701.000
702.000
704.000
701.000
699.000
700.000
699.000
701.000
703.000
697.000
703.000
700.000
699.000
700.000
702.000
703.000
699.000
703.000
705.000
702.000
702.000
706.000
701.000
702.000
700.000
698.000
700.000
708.000
702.000
703.000
703.000
704.000
702.000
703.000
704.000
701.000
704.000
699.000
699.000
705.000
707.000
698.000
706.000
704.000
701.000
698.000
702.000
701.000
705.000
703.000
703.000
727.000
705.000
734.000
701.000
705.000
708.000
704.000
709.000
705.000
704.000
702.000
702.000
701.000
700.000
702.000
702.000
705.000
704.000
701.000
708.000
706.000
706.000
706.000
712.000
707.000
710.000
710.000
713.000
713.000
712.000
710.000
709.000
715.000
711.000
719.000
719.000
725.000
728.000
731.000
728.000
734.000
748.000
747.000
762.000
768.000
773.000
779.000
769.000
762.000
762.000
755.000
744.000
749.000
745.000
743.000
743.000
747.000
754.000
746.000
756.000
741.000
752.000
758.000
748.000
747.000
748.000
745.000
749.000
767.000
823.000
859.000
849.000
796.000
750.000
747.000
748.000
740.000
750.000
741.000
742.000
737.000
735.000
736.000
736.000
742.000
731.000
723.000
730.000
726.000
724.000
729.000
727.000
728.000
724.000
720.000
720.000
721.000
724.000
724.000
719.000
718.000
711.000
717.000
716.000
714.000
709.000
716.000
714.000
715.000
711.000
715.000
718.000
714.000
710.000
713.000
710.000
709.000
705.000
710.000
711.000
708.000
707.000
710.000
711.000
707.000
707.000
707.000
706.000
704.000
709.000
716.000
705.000
706.000
707.000
709.000
704.000
704.000
708.000
708.000
710.000
708.000
706.000
707.000
707.000
706.000
708.000
708.000
707.000
708.000
707.000
708.000
710.000
706.000
714.000
706.000
706.000
707.000
706.000
702.000
712.000
710.000
709.000
706.000
707.000
705.000
703.000
708.000
705.000
707.000
704.000
704.000
711.000
706.000
710.000
708.000
705.000
704.000
708.000
709.000
711.000
710.000
706.000
708.000
708.000
708.000
709.000
706.000
709.000
708.000
705.000
714.000
708.000
710.000
705.000
706.000
707.000
712.000
708.000
704.000
708.000
709.000
710.000
708.000
709.000
710.000
705.000
708.000
705.000
711.000
708.000
710.000
707.000
710.000
706.000
706.000
708.000
706.000
706.000
707.000
704.000
709.000
706.000
704.000
709.000
710.000
706.000
708.000
711.000
710.000
707.000
710.000
708.000
709.000
706.000
708.000
708.000
709.000
711.000
707.000
710.000
705.000
705.000
705.000
711.000
708.000
728.000
749.000
716.000
710.000
714.000
708.000
707.000
712.000
710.000
712.000
714.000
712.000
727.000
745.000
726.000
706.000
714.000
711.000
714.000
716.000
723.000
727.000
715.000
714.000
713.000
714.000
713.000
714.000
725.000
720.000
716.000
719.000
721.000
720.000
726.000
725.000
723.000
723.000
727.000
721.000
722.000
724.000
724.000
723.000
716.000
723.000
720.000
718.000
727.000
717.000
719.000
718.000
723.000
723.000
715.000
725.000
719.000
722.000
725.000
730.000
741.000
734.000
736.000
732.000
728.000
720.000
718.000
713.000
721.000
713.000
714.000
715.000
715.000
714.000
715.000
716.000
716.000
714.000
719.000
711.000
716.000
713.000
716.000
719.000
715.000
714.000
717.000
716.000
720.000
722.000
719.000
718.000
720.000
727.000
730.000
733.000
727.000
728.000
725.000
721.000
714.000
722.000
714.000
719.000
715.000
714.000
716.000
710.000
713.000
714.000
712.000
716.000
719.000
710.000
718.000
714.000
710.000
719.000
715.000
714.000
713.000
711.000
711.000
710.000
714.000
708.000
714.000
714.000
717.000
711.000
714.000
723.000
721.000
717.000
721.000
721.000
720.000
719.000
711.000
716.000
713.000
710.000
716.000
712.000
712.000
712.000
711.000
708.000
711.000
706.000
714.000
709.000
708.000
710.000
710.000
711.000
716.000
711.000
713.000
717.000
712.000
710.000
713.000
713.000
711.000
749.000
715.000
714.000
710.000
710.000
711.000
711.000
710.000
714.000
713.000
713.000
713.000
714.000
712.000
718.000
712.000
710.000
728.000
713.000
711.000
715.000
719.000
719.000
717.000
721.000
723.000
720.000
731.000
733.000
742.000
742.000
751.000
765.000
783.000
808.000
871.000
927.000
974.000
958.000
905.000
864.000
834.000
799.000
792.000
769.000
778.000
768.000
764.000
764.000
756.000
760.000
755.000
750.000
750.000
750.000
749.000
752.000
749.000
751.000
749.000
741.000
742.000
736.000
736.000
729.000
728.000
722.000
724.000
715.000
722.000
720.000
721.000
724.000
714.000
715.000
714.000
717.000
713.000
721.000
714.000
717.000
715.000
719.000
715.000
708.000
718.000
717.000
714.000
715.000
712.000
713.000
720.000
713.000
716.000
720.000
718.000
723.000
713.000
717.000
715.000
716.000
716.000
716.000
715.000
722.000
718.000
712.000
718.000
720.000
718.000
722.000
712.000
722.000
718.000
720.000
718.000
717.000
721.000
718.000
719.000
721.000
715.000
720.000
718.000
715.000
719.000
715.000
720.000
715.000
719.000
716.000
719.000
715.000
712.000
721.000
715.000
715.000
719.000
722.000
717.000
716.000
713.000
713.000
718.000
716.000
716.000
716.000
719.000
715.000
718.000
712.000
717.000
724.000
720.000
731.000
730.000
730.000
736.000
728.000
720.000
721.000
718.000
711.000
710.000
712.000
711.000
714.000
711.000
709.000
709.000
706.000
713.000
705.000
708.000
707.000
708.000
705.000
706.000
706.000
716.000
705.000
706.000
706.000
706.000
705.000
707.000
703.000
706.000
706.000
703.000
706.000
704.000
705.000
710.000
702.000
710.000
704.000
705.000
705.000
708.000
700.000
706.000
701.000
704.000
706.000
708.000
700.000
706.000
706.000
707.000
707.000
709.000
704.000
705.000
707.000
707.000
701.000
699.000
705.000
707.000
705.000
709.000
708.000
704.000
702.000
706.000
706.000
707.000
709.000
703.000
702.000
704.000
706.000
706.000
703.000
708.000
709.000
707.000
708.000
706.000
703.000
702.000
704.000
707.000
704.000
702.000
707.000
708.000
707.000
709.000
705.000
707.000
711.000
702.000
707.000
707.000
706.000
705.000
706.000
703.000
709.000
702.000
703.000
705.000
709.000
704.000
706.000
703.000
706.000
706.000
708.000
707.000
704.000
710.000
713.000
711.000
708.000
712.000
714.000
708.000
711.000
708.000
704.000
703.000
707.000
703.000
707.000
706.000
707.000
705.000
707.000
709.000
706.000
706.000
705.000
707.000
711.000
708.000
707.000
713.000
703.000
705.000
706.000
703.000
706.000
706.000
705.000
706.000
701.000
705.000
703.000
706.000
705.000
705.000
704.000
703.000
705.000
701.000
700.000
706.000
703.000
706.000
704.000
701.000
707.000
703.000
704.000
705.000
703.000
704.000
702.000
706.000
702.000
704.000
704.000
698.000
705.000
701.000
707.000
705.000
707.000
702.000
700.000
705.000
701.000
697.000
705.000
702.000
705.000
706.000
710.000
709.000
707.000
703.000
704.000
704.000
703.000
706.000
706.000
705.000
707.000
704.000
701.000
699.000
703.000
701.000
692.000
693.000
692.000
691.000
