716.000
699.000
696.000
691.000
694.000
695.000
695.000
702.000
702.000
704.000
698.000
700.000
697.000
699.000
699.000
705.000
701.000
697.000
704.000
705.000
700.000
701.000
701.000
699.000
699.000
700.000
696.000
703.000
698.000
703.000
703.000
705.000
704.000
699.000
696.000
699.000
702.000
700.000
698.000
701.000
704.000
699.000
709.000
698.000
704.000
708.000
701.000
698.000
701.000
700.000
701.000
699.000
700.000
701.000
701.000
704.000
705.000
705.000
702.000
702.000
703.000
702.000
700.000
705.000
702.000
704.000
701.000
702.000
703.000
704.000
705.000
702.000
705.000
700.000
703.000
699.000
703.000
701.000
703.000
706.000
703.000
705.000
705.000
703.000
702.000
702.000
704.000
701.000
702.000
702.000
706.000
702.000
702.000
701.000
705.000
702.000
698.000
700.000
703.000
701.000
705.000
702.000
705.000
700.000
704.000
703.000
704.000
698.000
700.000
698.000
699.000
697.000
702.000
700.000
699.000
706.000
701.000
700.000
703.000
700.000
703.000
701.000
698.000
704.000
697.000
704.000
706.000
701.000
698.000
702.000
706.000
705.000
702.000
701.000
704.000
702.000
701.000
701.000
704.000
711.000
702.000
701.000
701.000
702.000
701.000
702.000
700.000
702.000
700.000
705.000
704.000
702.000
700.000
701.000
701.000
704.000
704.000
701.000
705.000
703.000
704.000
701.000
703.000
701.000
698.000
698.000
701.000
706.000
701.000
700.000
699.000
701.000
703.000
699.000
700.000
707.000
702.000
700.000
702.000
703.000
706.000
701.000
703.000
703.000
701.000
703.000
701.000
704.000
706.000
705.000
703.000
701.000
700.000
705.000
701.000
703.000
703.000
705.000
699.000
702.000
709.000
704.000
704.000
706.000
709.000
709.000
706.000
702.000
704.000
701.000
703.000
704.000
705.000
699.000
699.000
699.000
702.000
699.000
702.000
705.000
700.000
703.000
703.000
704.000
705.000
706.000
702.000
704.000
705.000
699.000
702.000
703.000
705.000
704.000
702.000
702.000
701.000
702.000
704.000
700.000
700.000
697.000
707.000
704.000
708.000
700.000
702.000
704.000
700.000
712.000
700.000
702.000
706.000
703.000
703.000
705.000
704.000
701.000
703.000
703.000
703.000
706.000
699.000
705.000
725.000
702.000
743.000
703.000
706.000
709.000
702.000
708.000
703.000
707.000
701.000
701.000
706.000
710.000
709.000
703.000
704.000
709.000
703.000
709.000
706.000
708.000
708.000
714.000
712.000
709.000
712.000
710.000
710.000
709.000
711.000
714.000
714.000
712.000
720.000
722.000
723.000
734.000
731.000
734.000
731.000
740.000
740.000
752.000
768.000
768.000
770.000
762.000
763.000
754.000
751.000
748.000
746.000
739.000
744.000
741.000
746.000
746.000
747.000
745.000
740.000
748.000
750.000
747.000
753.000
747.000
746.000
751.000
761.000
828.000
861.000
833.000
788.000
749.000
745.000
740.000
738.000
736.000
741.000
730.000
737.000
735.000
732.000
733.000
737.000
733.000
731.000
724.000
731.000
727.000
728.000
721.000
723.000
720.000
716.000
724.000
721.000
720.000
718.000
717.000
718.000
716.000
717.000
720.000
716.000
717.000
712.000
714.000
714.000
708.000
714.000
709.000
707.000
714.000
712.000
715.000
712.000
716.000
710.000
713.000
709.000
712.000
708.000
707.000
712.000
705.000
706.000
713.000
711.000
709.000
718.000
710.000
710.000
710.000
708.000
708.000
708.000
710.000
709.000
709.000
710.000
707.000
704.000
706.000
707.000
712.000
712.000
706.000
706.000
709.000
704.000
710.000
706.000
710.000
707.000
709.000
712.000
713.000
707.000
710.000
708.000
707.000
706.000
706.000
710.000
711.000
707.000
704.000
705.000
705.000
710.000
710.000
708.000
711.000
706.000
708.000
708.000
711.000
704.000
712.000
702.000
706.000
708.000
710.000
710.000
705.000
707.000
711.000
708.000
710.000
716.000
709.000
711.000
707.000
707.000
708.000
712.000
709.000
707.000
708.000
709.000
716.000
710.000
705.000
707.000
708.000
704.000
708.000
707.000
708.000
710.000
707.000
710.000
710.000
710.000
713.000
713.000
709.000
706.000
707.000
708.000
708.000
707.000
709.000
708.000
707.000
708.000
716.000
712.000
713.000
707.000
709.000
708.000
708.000
709.000
709.000
711.000
711.000
708.000
712.000
712.000
713.000
711.000
710.000
717.000
725.000
740.000
716.000
710.000
714.000
711.000
708.000
713.000
716.000
704.000
711.000
713.000
729.000
737.000
722.000
715.000
724.000
716.000
716.000
713.000
723.000
724.000
720.000
715.000
718.000
714.000
716.000
718.000
717.000
718.000
722.000
721.000
724.000
724.000
720.000
721.000
723.000
723.000
720.000
726.000
722.000
718.000
722.000
723.000
725.000
720.000
719.000
725.000
719.000
723.000
719.000
720.000
728.000
717.000
717.000
718.000
721.000
716.000
719.000
728.000
738.000
739.000
735.000
730.000
726.000
720.000
720.000
718.000
714.000
715.000
711.000
718.000
715.000
716.000
713.000
710.000
716.000
717.000
717.000
713.000
716.000
718.000
708.000
712.000
715.000
716.000
720.000
715.000
716.000
717.000
724.000
720.000
722.000
728.000
727.000
732.000
731.000
724.000
720.000
715.000
717.000
713.000
718.000
714.000
714.000
717.000
716.000
712.000
713.000
714.000
715.000
714.000
714.000
716.000
718.000
713.000
709.000
708.000
715.000
712.000
714.000
714.000
715.000
710.000
713.000
709.000
717.000
716.000
714.000
717.000
715.000
720.000
718.000
723.000
717.000
717.000
720.000
719.000
713.000
709.000
717.000
711.000
714.000
709.000
713.000
709.000
709.000
708.000
709.000
711.000
710.000
711.000
713.000
710.000
711.000
711.000
716.000
708.000
712.000
716.000
708.000
710.000
711.000
713.000
711.000
742.000
714.000
712.000
713.000
710.000
715.000
717.000
711.000
716.000
713.000
718.000
716.000
717.000
716.000
718.000
719.000
715.000
722.000
712.000
718.000
719.000
717.000
719.000
723.000
729.000
719.000
724.000
730.000
730.000
736.000
741.000
752.000
762.000
775.000
808.000
863.000
907.000
941.000
940.000
887.000
859.000
824.000
790.000
777.000
767.000
759.000
765.000
761.000
761.000
753.000
745.000
748.000
749.000
746.000
753.000
746.000
748.000
754.000
750.000
741.000
744.000
740.000
739.000
733.000
729.000
725.000
725.000
729.000
724.000
719.000
718.000
721.000
719.000
711.000
713.000
714.000
714.000
715.000
721.000
716.000
718.000
712.000
714.000
712.000
717.000
714.000
713.000
713.000
715.000
711.000
710.000
720.000
714.000
719.000
717.000
715.000
724.000
711.000
714.000
715.000
722.000
715.000
716.000
714.000
713.000
718.000
711.000
718.000
721.000
719.000
716.000
712.000
716.000
721.000
716.000
717.000
713.000
721.000
721.000
718.000
723.000
715.000
718.000
714.000
719.000
722.000
713.000
717.000
719.000
716.000
713.000
721.000
716.000
718.000
721.000
721.000
709.000
717.000
719.000
715.000
715.000
715.000
719.000
713.000
714.000
717.000
719.000
712.000
718.000
719.000
718.000
720.000
717.000
729.000
727.000
733.000
727.000
730.000
726.000
730.000
725.000
720.000
718.000
718.000
714.000
712.000
708.000
710.000
711.000
707.000
710.000
710.000
707.000
707.000
711.000
706.000
708.000
710.000
707.000
716.000
706.000
705.000
705.000
708.000
706.000
709.000
705.000
708.000
710.000
702.000
705.000
706.000
709.000
703.000
709.000
705.000
708.000
705.000
706.000
706.000
704.000
705.000
706.000
711.000
713.000
703.000
703.000
708.000
709.000
707.000
706.000
711.000
705.000
711.000
710.000
706.000
709.000
703.000
705.000
704.000
708.000
711.000
702.000
705.000
703.000
704.000
710.000
702.000
702.000
702.000
709.000
708.000
710.000
704.000
706.000
710.000
709.000
704.000
708.000
706.000
705.000
707.000
708.000
712.000
706.000
707.000
704.000
711.000
702.000
710.000
708.000
711.000
707.000
704.000
708.000
711.000
709.000
706.000
707.000
708.000
711.000
708.000
707.000
708.000
710.000
707.000
704.000
707.000
706.000
708.000
706.000
712.000
705.000
709.000
710.000
711.000
718.000
715.000
706.000
709.000
707.000
708.000
708.000
707.000
711.000
709.000
709.000
703.000
712.000
709.000
707.000
710.000
708.000
709.000
707.000
704.000
709.000
707.000
708.000
704.000
706.000
706.000
702.000
704.000
708.000
712.000
704.000
704.000
704.000
702.000
704.000
702.000
705.000
706.000
704.000
706.000
705.000
703.000
706.000
706.000
711.000
707.000
706.000
704.000
708.000
708.000
705.000
708.000
706.000
708.000
705.000
705.000
706.000
704.000
708.000
705.000
710.000
707.000
703.000
702.000
703.000
704.000
703.000
707.000
702.000
701.000
704.000
701.000
702.000
706.000
704.000
703.000
706.000
709.000
705.000
707.000
704.000
706.000
702.000
702.000
707.000
704.000
704.000
702.000
702.000
700.000
694.000
699.000
691.000
695.000
