713.000
695.000
690.000
691.000
697.000
694.000
697.000
697.000
695.000
696.000
699.000
704.000
702.000
698.000
699.000
697.000
703.000
701.000
701.000
697.000
700.000
701.000
704.000
700.000
700.000
698.000
702.000
700.000
694.000
700.000
700.000
705.000
700.000
698.000
699.000
699.000
701.000
700.000
697.000
706.000
698.000
704.000
705.000
701.000
703.000
700.000
701.000
705.000
705.000
699.000
702.000
700.000
697.000
700.000
698.000
706.000
697.000
702.000
700.000
700.000
698.000
701.000
703.000
700.000
695.000
702.000
699.000
706.000
699.000
703.000
699.000
701.000
703.000
705.000
703.000
697.000
701.000
702.000
706.000
704.000
705.000
700.000
703.000
701.000
699.000
701.000
699.000
697.000
703.000
700.000
699.000
703.000
701.000
702.000
696.000
697.000
700.000
701.000
698.000
703.000
699.000
701.000
701.000
704.000
702.000
703.000
697.000
699.000
701.000
701.000
701.000
699.000
703.000
701.000
700.000
705.000
697.000
701.000
699.000
702.000
703.000
698.000
697.000
698.000
700.000
699.000
701.000
703.000
699.000
702.000
705.000
700.000
700.000
696.000
699.000
700.000
702.000
701.000
696.000
710.000
703.000
706.000
701.000
702.000
699.000
700.000
699.000
698.000
701.000
701.000
704.000
700.000
701.000
703.000
700.000
700.000
698.000
701.000
701.000
700.000
702.000
699.000
700.000
701.000
699.000
702.000
697.000
699.000
700.000
698.000
699.000
699.000
699.000
698.000
700.000
698.000
698.000
700.000
703.000
698.000
699.000
701.000
698.000
700.000
698.000
704.000
698.000
697.000
704.000
698.000
701.000
699.000
702.000
697.000
700.000
700.000
699.000
702.000
693.000
700.000
705.000
700.000
699.000
696.000
703.000
703.000
703.000
704.000
704.000
699.000
704.000
702.000
699.000
699.000
702.000
704.000
705.000
698.000
703.000
701.000
700.000
701.000
700.000
700.000
700.000
706.000
699.000
699.000
703.000
701.000
705.000
707.000
703.000
699.000
698.000
700.000
703.000
702.000
703.000
701.000
705.000
703.000
705.000
701.000
705.000
697.000
700.000
704.000
707.000
704.000
703.000
700.000
704.000
702.000
707.000
700.000
701.000
702.000
705.000
703.000
705.000
704.000
702.000
706.000
735.000
702.000
744.000
706.000
706.000
704.000
705.000
707.000
708.000
703.000
701.000
702.000
704.000
706.000
703.000
704.000
713.000
701.000
706.000
702.000
710.000
710.000
706.000
714.000
709.000
711.000
716.000
712.000
711.000
711.000
712.000
705.000
714.000
718.000
721.000
717.000
718.000
727.000
729.000
732.000
730.000
743.000
747.000
751.000
771.000
773.000
772.000
777.000
768.000
752.000
757.000
746.000
748.000
741.000
747.000
747.000
746.000
752.000
751.000
746.000
750.000
749.000
754.000
751.000
751.000
748.000
745.000
752.000
761.000
832.000
858.000
855.000
794.000
757.000
744.000
748.000
743.000
743.000
737.000
735.000
737.000
729.000
732.000
733.000
739.000
737.000
732.000
727.000
730.000
724.000
726.000
719.000
728.000
722.000
721.000
715.000
719.000
718.000
722.000
720.000
714.000
713.000
717.000
715.000
716.000
713.000
711.000
709.000
711.000
711.000
711.000
713.000
712.000
709.000
712.000
713.000
712.000
706.000
711.000
709.000
708.000
711.000
709.000
703.000
708.000
706.000
709.000
708.000
707.000
708.000
719.000
710.000
708.000
707.000
707.000
709.000
706.000
708.000
705.000
703.000
708.000
708.000
710.000
707.000
709.000
709.000
706.000
706.000
709.000
708.000
704.000
711.000
710.000
706.000
707.000
707.000
705.000
706.000
706.000
706.000
715.000
708.000
705.000
708.000
709.000
703.000
709.000
704.000
705.000
710.000
703.000
707.000
707.000
705.000
708.000
707.000
705.000
699.000
710.000
711.000
705.000
707.000
709.000
706.000
710.000
705.000
707.000
709.000
707.000
710.000
711.000
711.000
704.000
710.000
709.000
706.000
717.000
706.000
707.000
709.000
707.000
710.000
715.000
704.000
702.000
710.000
711.000
707.000
706.000
706.000
709.000
708.000
707.000
708.000
703.000
708.000
706.000
706.000
708.000
703.000
709.000
710.000
708.000
706.000
706.000
710.000
709.000
705.000
712.000
706.000
704.000
706.000
704.000
708.000
709.000
706.000
709.000
710.000
712.000
711.000
710.000
712.000
707.000
707.000
708.000
725.000
739.000
719.000
716.000
709.000
711.000
710.000
710.000
712.000
709.000
709.000
712.000
725.000
743.000
724.000
711.000
713.000
709.000
713.000
715.000
722.000
730.000
721.000
715.000
712.000
714.000
717.000
715.000
720.000
720.000
714.000
728.000
720.000
723.000
722.000
723.000
721.000
722.000
728.000
722.000
723.000
725.000
721.000
720.000
723.000
724.000
720.000
722.000
719.000
719.000
722.000
721.000
724.000
716.000
721.000
724.000
725.000
714.000
725.000
729.000
745.000
741.000
740.000
730.000
727.000
722.000
718.000
718.000
719.000
719.000
713.000
716.000
720.000
712.000
715.000
716.000
714.000
714.000
716.000
714.000
713.000
718.000
715.000
718.000
712.000
718.000
724.000
718.000
720.000
720.000
719.000
723.000
722.000
718.000
728.000
733.000
731.000
727.000
720.000
719.000
716.000
718.000
716.000
716.000
708.000
714.000
712.000
712.000
713.000
716.000
711.000
711.000
712.000
711.000
712.000
713.000
718.000
715.000
708.000
710.000
708.000
718.000
711.000
711.000
709.000
711.000
711.000
711.000
712.000
718.000
720.000
713.000
720.000
723.000
723.000
716.000
719.000
721.000
717.000
716.000
715.000
715.000
714.000
714.000
712.000
713.000
706.000
712.000
712.000
715.000
708.000
709.000
712.000
712.000
710.000
708.000
714.000
710.000
713.000
714.000
713.000
708.000
709.000
710.000
708.000
749.000
707.000
711.000
708.000
714.000
713.000
709.000
709.000
716.000
711.000
709.000
712.000
714.000
709.000
714.000
721.000
709.000
719.000
715.000
715.000
717.000
716.000
718.000
719.000
721.000
722.000
727.000
731.000
732.000
737.000
742.000
755.000
760.000
779.000
817.000
864.000
921.000
946.000
937.000
904.000
857.000
821.000
800.000
784.000
775.000
763.000
768.000
772.000
760.000
755.000
753.000
747.000
749.000
747.000
745.000
752.000
749.000
748.000
739.000
741.000
741.000
741.000
733.000
728.000
731.000
729.000
726.000
724.000
718.000
720.000
719.000
720.000
715.000
718.000
718.000
717.000
719.000
716.000
721.000
717.000
715.000
715.000
717.000
713.000
713.000
714.000
712.000
708.000
714.000
719.000
715.000
716.000
713.000
720.000
717.000
718.000
726.000
718.000
721.000
720.000
715.000
714.000
716.000
711.000
716.000
712.000
713.000
723.000
717.000
719.000
719.000
715.000
715.000
720.000
717.000
720.000
717.000
716.000
712.000
722.000
720.000
716.000
720.000
720.000
719.000
721.000
716.000
715.000
713.000
721.000
724.000
717.000
721.000
717.000
716.000
717.000
715.000
714.000
715.000
709.000
717.000
717.000
718.000
716.000
717.000
716.000
719.000
717.000
717.000
719.000
717.000
716.000
722.000
721.000
728.000
729.000
732.000
733.000
728.000
729.000
723.000
720.000
713.000
711.000
713.000
713.000
709.000
706.000
710.000
711.000
707.000
706.000
711.000
704.000
701.000
707.000
710.000
703.000
702.000
708.000
700.000
704.000
703.000
709.000
704.000
706.000
709.000
706.000
703.000
705.000
703.000
703.000
703.000
713.000
705.000
700.000
705.000
708.000
706.000
709.000
703.000
709.000
706.000
703.000
708.000
709.000
703.000
709.000
704.000
703.000
708.000
706.000
704.000
706.000
706.000
704.000
707.000
700.000
707.000
705.000
708.000
706.000
704.000
705.000
707.000
707.000
705.000
703.000
706.000
703.000
701.000
708.000
708.000
703.000
705.000
708.000
709.000
705.000
706.000
707.000
708.000
707.000
709.000
706.000
703.000
702.000
707.000
704.000
704.000
702.000
701.000
708.000
705.000
710.000
704.000
712.000
709.000
708.000
711.000
710.000
705.000
704.000
704.000
706.000
706.000
707.000
707.000
703.000
705.000
709.000
709.000
710.000
709.000
709.000
707.000
711.000
710.000
710.000
710.000
709.000
708.000
706.000
708.000
704.000
707.000
706.000
708.000
708.000
709.000
706.000
707.000
709.000
705.000
705.000
706.000
702.000
708.000
711.000
705.000
705.000
703.000
708.000
705.000
707.000
706.000
705.000
704.000
706.000
709.000
709.000
700.000
704.000
707.000
703.000
698.000
703.000
711.000
705.000
703.000
706.000
707.000
705.000
703.000
709.000
707.000
701.000
707.000
707.000
709.000
705.000
705.000
702.000
702.000
707.000
708.000
704.000
702.000
703.000
704.000
706.000
704.000
705.000
703.000
702.000
705.000
703.000
704.000
703.000
704.000
704.000
707.000
706.000
711.000
706.000
706.000
708.000
701.000
698.000
706.000
700.000
703.000
700.000
700.000
698.000
698.000
702.000
695.000
692.000
695.000
691.000
