719.000
698.000
693.000
689.000
698.000
693.000
696.000
700.000
701.000
703.000
695.000
701.000
700.000
695.000
698.000
701.000
701.000
700.000
701.000
699.000
699.000
700.000
701.000
699.000
699.000
698.000
701.000
701.000
699.000
699.000
700.000
698.000
704.000
699.000
705.000
705.000
701.000
704.000
703.000
697.000
702.000
703.000
705.000
705.000
702.000
700.000
702.000
697.000
699.000
699.000
703.000
699.000
702.000
701.000
702.000
704.000
702.000
704.000
703.000
699.000
704.000
701.000
698.000
703.000
706.000
702.000
700.000
699.000
700.000
704.000
706.000
703.000
701.000
698.000
700.000
699.000
699.000
702.000
703.000
708.000
704.000
702.000
705.000
702.000
699.000
704.000
705.000
699.000
701.000
703.000
701.000
700.000
698.000
702.000
701.000
698.000
697.000
706.000
702.000
701.000
700.000
701.000
702.000
704.000
705.000
701.000
703.000
700.000
698.000
696.000
705.000
704.000
701.000
699.000
703.000
703.000
700.000
697.000
699.000
702.000
702.000
706.000
704.000
699.000
702.000
705.000
705.000
700.000
707.000
700.000
707.000
703.000
699.000
700.000
702.000
704.000
699.000
705.000
702.000
712.000
705.000
700.000
701.000
706.000
705.000
698.000
704.000
698.000
699.000
703.000
704.000
700.000
703.000
706.000
703.000
702.000
698.000
700.000
702.000
698.000
702.000
699.000
705.000
705.000
701.000
700.000
701.000
699.000
698.000
701.000
703.000
702.000
701.000
704.000
703.000
704.000
703.000
702.000
706.000
700.000
702.000
702.000
702.000
702.000
702.000
703.000
702.000
705.000
701.000
704.000
705.000
702.000
702.000
711.000
702.000
698.000
704.000
706.000
704.000
704.000
704.000
702.000
700.000
705.000
704.000
703.000
704.000
705.000
699.000
703.000
704.000
701.000
699.000
702.000
706.000
700.000
704.000
701.000
705.000
701.000
703.000
701.000
702.000
700.000
701.000
702.000
703.000
702.000
703.000
705.000
699.000
706.000
699.000
706.000
707.000
708.000
701.000
701.000
705.000
702.000
704.000
704.000
704.000
703.000
709.000
705.000
706.000
703.000
704.000
704.000
697.000
704.000
710.000
702.000
703.000
702.000
702.000
701.000
702.000
703.000
702.000
704.000
700.000
705.000
724.000
708.000
742.000
704.000
702.000
705.000
704.000
705.000
703.000
709.000
702.000
703.000
702.000
709.000
704.000
705.000
705.000
710.000
706.000
704.000
711.000
708.000
704.000
707.000
710.000
711.000
709.000
715.000
711.000
708.000
710.000
711.000
715.000
716.000
722.000
720.000
725.000
731.000
730.000
736.000
739.000
740.000
744.000
757.000
762.000
772.000
774.000
777.000
769.000
763.000
756.000
752.000
751.000
750.000
749.000
742.000
750.000
749.000
747.000
746.000
752.000
750.000
752.000
749.000
753.000
753.000
751.000
756.000
768.000
834.000
853.000
844.000
802.000
757.000
748.000
749.000
746.000
747.000
740.000
741.000
736.000
738.000
741.000
729.000
733.000
733.000
729.000
730.000
732.000
730.000
724.000
722.000
733.000
727.000
720.000
723.000
721.000
723.000
717.000
721.000
717.000
714.000
716.000
716.000
713.000
719.000
719.000
715.000
714.000
712.000
714.000
713.000
712.000
715.000
714.000
709.000
706.000
706.000
709.000
713.000
710.000
709.000
709.000
715.000
712.000
711.000
713.000
710.000
710.000
712.000
717.000
706.000
706.000
708.000
711.000
711.000
708.000
705.000
706.000
712.000
708.000
709.000
709.000
704.000
706.000
711.000
710.000
712.000
708.000
713.000
706.000
713.000
708.000
711.000
709.000
713.000
709.000
708.000
706.000
704.000
704.000
709.000
711.000
708.000
714.000
707.000
712.000
714.000
706.000
711.000
708.000
707.000
711.000
704.000
712.000
704.000
708.000
708.000
713.000
706.000
708.000
704.000
710.000
707.000
711.000
712.000
711.000
709.000
709.000
708.000
713.000
705.000
711.000
706.000
712.000
708.000
715.000
709.000
709.000
710.000
709.000
707.000
703.000
706.000
710.000
710.000
710.000
705.000
709.000
706.000
711.000
708.000
708.000
710.000
709.000
714.000
710.000
708.000
710.000
707.000
708.000
708.000
708.000
709.000
711.000
709.000
708.000
714.000
708.000
707.000
706.000
706.000
706.000
710.000
709.000
714.000
707.000
713.000
712.000
709.000
711.000
709.000
710.000
712.000
711.000
736.000
746.000
720.000
713.000
706.000
713.000
717.000
712.000
712.000
710.000
713.000
713.000
720.000
742.000
725.000
719.000
710.000
715.000
711.000
716.000
724.000
726.000
723.000
713.000
714.000
716.000
716.000
715.000
722.000
719.000
720.000
727.000
725.000
718.000
731.000
725.000
727.000
723.000
717.000
723.000
724.000
724.000
719.000
719.000
726.000
725.000
717.000
725.000
720.000
720.000
720.000
720.000
728.000
719.000
720.000
719.000
724.000
715.000
725.000
723.000
744.000
742.000
746.000
729.000
725.000
725.000
718.000
715.000
720.000
716.000
714.000
711.000
707.000
715.000
718.000
713.000
716.000
715.000
716.000
713.000
716.000
717.000
719.000
717.000
718.000
718.000
721.000
719.000
720.000
719.000
717.000
719.000
726.000
725.000
725.000
731.000
728.000
727.000
725.000
719.000
712.000
721.000
712.000
717.000
714.000
712.000
712.000
714.000
710.000
712.000
710.000
712.000
712.000
711.000
714.000
715.000
718.000
710.000
716.000
715.000
712.000
709.000
713.000
715.000
713.000
713.000
718.000
714.000
718.000
720.000
715.000
719.000
722.000
720.000
715.000
718.000
714.000
719.000
715.000
717.000
718.000
713.000
718.000
713.000
712.000
711.000
710.000
713.000
711.000
709.000
708.000
711.000
705.000
705.000
713.000
711.000
709.000
711.000
709.000
717.000
710.000
710.000
711.000
706.000
711.000
751.000
710.000
715.000
709.000
712.000
716.000
713.000
717.000
710.000
710.000
708.000
709.000
715.000
716.000
719.000
716.000
713.000
721.000
715.000
713.000
719.000
715.000
720.000
719.000
718.000
725.000
727.000
730.000
729.000
738.000
742.000
755.000
762.000
786.000
813.000
859.000
908.000
952.000
949.000
908.000
857.000
825.000
800.000
783.000
772.000
758.000
772.000
759.000
764.000
755.000
756.000
754.000
754.000
746.000
749.000
743.000
744.000
749.000
748.000
753.000
739.000
737.000
734.000
732.000
732.000
728.000
726.000
723.000
727.000
724.000
722.000
723.000
719.000
714.000
719.000
714.000
714.000
710.000
719.000
711.000
716.000
720.000
711.000
716.000
715.000
718.000
712.000
711.000
713.000
716.000
714.000
716.000
719.000
712.000
713.000
723.000
724.000
718.000
718.000
717.000
716.000
713.000
714.000
715.000
715.000
714.000
716.000
717.000
722.000
724.000
714.000
713.000
719.000
721.000
723.000
720.000
717.000
710.000
719.000
717.000
715.000
722.000
716.000
722.000
718.000
716.000
719.000
716.000
721.000
719.000
717.000
719.000
723.000
717.000
718.000
722.000
718.000
718.000
715.000
717.000
716.000
719.000
718.000
711.000
715.000
710.000
714.000
719.000
716.000
715.000
719.000
714.000
725.000
722.000
728.000
730.000
732.000
737.000
729.000
724.000
729.000
723.000
718.000
712.000
716.000
708.000
711.000
708.000
712.000
703.000
709.000
712.000
709.000
709.000
709.000
704.000
710.000
706.000
707.000
710.000
701.000
707.000
707.000
708.000
711.000
707.000
709.000
711.000
710.000
708.000
706.000
709.000
704.000
704.000
711.000
706.000
706.000
705.000
707.000
705.000
705.000
706.000
706.000
711.000
704.000
706.000
706.000
706.000
705.000
708.000
708.000
705.000
707.000
711.000
707.000
703.000
712.000
704.000
707.000
703.000
705.000
710.000
706.000
710.000
705.000
713.000
706.000
705.000
706.000
710.000
706.000
707.000
710.000
709.000
709.000
712.000
707.000
707.000
708.000
705.000
706.000
701.000
710.000
711.000
707.000
706.000
708.000
705.000
703.000
703.000
711.000
707.000
709.000
710.000
703.000
706.000
704.000
707.000
707.000
704.000
713.000
704.000
708.000
710.000
709.000
705.000
706.000
706.000
703.000
712.000
706.000
708.000
707.000
707.000
711.000
715.000
712.000
713.000
709.000
709.000
712.000
714.000
709.000
708.000
710.000
705.000
705.000
705.000
710.000
706.000
708.000
707.000
711.000
705.000
706.000
708.000
704.000
706.000
710.000
710.000
704.000
704.000
710.000
702.000
708.000
708.000
703.000
702.000
702.000
709.000
709.000
704.000
709.000
704.000
704.000
702.000
704.000
702.000
706.000
712.000
705.000
706.000
705.000
708.000
706.000
704.000
708.000
706.000
705.000
702.000
704.000
702.000
705.000
709.000
704.000
706.000
711.000
706.000
700.000
705.000
703.000
704.000
708.000
703.000
708.000
707.000
705.000
705.000
706.000
706.000
706.000
708.000
706.000
701.000
703.000
707.000
708.000
705.000
708.000
704.000
703.000
700.000
704.000
701.000
699.000
701.000
694.000
693.000
693.000
691.000
