716.000
697.000
695.000
692.000
696.000
694.000
695.000
702.000
699.000
703.000
698.000
703.000
698.000
697.000
702.000
695.000
696.000
702.000
702.000
699.000
701.000
701.000
699.000
698.000
700.000
697.000
703.000
702.000
700.000
702.000
702.000
701.000
701.000
696.000
702.000
697.000
699.000
704.000
696.000
701.000
701.000
699.000
706.000
701.000
698.000
707.000
700.000
701.000
701.000
703.000
705.000
701.000
704.000
702.000
696.000
701.000
698.000
705.000
701.000
698.000
698.000
703.000
702.000
700.000
699.000
704.000
701.000
695.000
704.000
703.000
704.000
698.000
700.000
700.000
703.000
699.000
698.000
699.000
701.000
701.000
701.000
700.000
707.000
702.000
701.000
703.000
704.000
697.000
698.000
700.000
702.000
701.000
699.000
702.000
698.000
697.000
700.000
702.000
699.000
704.000
705.000
704.000
701.000
699.000
700.000
704.000
700.000
698.000
699.000
698.000
700.000
699.000
700.000
698.000
702.000
701.000
702.000
701.000
701.000
697.000
699.000
697.000
701.000
702.000
699.000
702.000
701.000
701.000
701.000
696.000
703.000
703.000
700.000
696.000
700.000
703.000
698.000
699.000
700.000
711.000
702.000
704.000
699.000
703.000
700.000
702.000
701.000
701.000
699.000
704.000
699.000
699.000
698.000
700.000
704.000
702.000
697.000
700.000
698.000
700.000
698.000
700.000
700.000
704.000
697.000
701.000
698.000
701.000
701.000
696.000
700.000
702.000
698.000
704.000
696.000
699.000
700.000
701.000
705.000
701.000
701.000
704.000
701.000
703.000
697.000
703.000
699.000
701.000
700.000
699.000
702.000
701.000
698.000
699.000
701.000
696.000
700.000
701.000
699.000
703.000
703.000
701.000
703.000
698.000
704.000
697.000
700.000
703.000
701.000
698.000
703.000
700.000
697.000
703.000
702.000
694.000
701.000
700.000
700.000
704.000
704.000
699.000
702.000
702.000
700.000
699.000
702.000
694.000
703.000
703.000
705.000
705.000
705.000
703.000
704.000
701.000
699.000
703.000
702.000
701.000
701.000
699.000
698.000
703.000
701.000
706.000
702.000
705.000
699.000
706.000
698.000
700.000
704.000
702.000
706.000
703.000
703.000
704.000
703.000
704.000
699.000
706.000
706.000
705.000
724.000
707.000
736.000
705.000
704.000
706.000
700.000
699.000
703.000
702.000
702.000
702.000
703.000
704.000
705.000
704.000
707.000
709.000
710.000
711.000
706.000
709.000
707.000
708.000
705.000
710.000
712.000
714.000
713.000
712.000
714.000
708.000
711.000
713.000
717.000
722.000
723.000
730.000
732.000
731.000
732.000
736.000
749.000
758.000
770.000
769.000
770.000
768.000
773.000
764.000
753.000
749.000
745.000
741.000
745.000
746.000
749.000
754.000
750.000
750.000
744.000
751.000
751.000
740.000
746.000
751.000
743.000
750.000
764.000
818.000
852.000
854.000
790.000
753.000
746.000
742.000
746.000
747.000
738.000
738.000
741.000
730.000
733.000
736.000
734.000
728.000
730.000
727.000
726.000
724.000
725.000
723.000
727.000
722.000
721.000
716.000
717.000
716.000
717.000
717.000
718.000
715.000
712.000
718.000
714.000
718.000
717.000
712.000
711.000
709.000
711.000
721.000
711.000
711.000
712.000
708.000
713.000
706.000
710.000
706.000
708.000
708.000
709.000
711.000
709.000
706.000
704.000
707.000
705.000
710.000
720.000
707.000
711.000
705.000
712.000
708.000
705.000
703.000
702.000
708.000
710.000
710.000
706.000
701.000
710.000
705.000
712.000
709.000
708.000
710.000
709.000
710.000
704.000
708.000
708.000
706.000
709.000
707.000
705.000
704.000
702.000
708.000
708.000
708.000
708.000
706.000
710.000
711.000
708.000
710.000
704.000
707.000
703.000
708.000
706.000
704.000
710.000
707.000
701.000
705.000
704.000
709.000
704.000
705.000
706.000
710.000
709.000
709.000
700.000
708.000
711.000
702.000
705.000
702.000
709.000
707.000
710.000
710.000
707.000
708.000
711.000
709.000
707.000
709.000
706.000
707.000
705.000
706.000
711.000
708.000
703.000
706.000
707.000
709.000
705.000
715.000
710.000
704.000
706.000
706.000
711.000
711.000
705.000
708.000
703.000
702.000
703.000
714.000
708.000
705.000
705.000
708.000
706.000
704.000
709.000
706.000
706.000
713.000
711.000
709.000
710.000
709.000
708.000
711.000
708.000
732.000
746.000
716.000
714.000
711.000
714.000
713.000
713.000
714.000
709.000
711.000
710.000
722.000
744.000
723.000
715.000
709.000
712.000
715.000
716.000
725.000
723.000
717.000
711.000
713.000
711.000
710.000
710.000
722.000
717.000
720.000
727.000
724.000
725.000
721.000
724.000
721.000
723.000
720.000
726.000
724.000
720.000
721.000
726.000
719.000
721.000
720.000
721.000
725.000
717.000
724.000
716.000
724.000
719.000
718.000
720.000
714.000
718.000
723.000
728.000
741.000
738.000
737.000
724.000
724.000
717.000
720.000
720.000
714.000
714.000
717.000
715.000
711.000
716.000
712.000
715.000
713.000
714.000
713.000
710.000
715.000
713.000
713.000
715.000
714.000
713.000
719.000
720.000
715.000
720.000
720.000
725.000
722.000
727.000
724.000
732.000
725.000
724.000
725.000
725.000
717.000
716.000
713.000
711.000
712.000
717.000
712.000
712.000
711.000
716.000
716.000
720.000
714.000
709.000
713.000
709.000
714.000
713.000
711.000
716.000
710.000
712.000
712.000
712.000
716.000
710.000
716.000
713.000
720.000
713.000
716.000
720.000
723.000
716.000
721.000
712.000
713.000
719.000
710.000
714.000
713.000
711.000
712.000
714.000
708.000
709.000
711.000
708.000
711.000
706.000
708.000
705.000
716.000
707.000
706.000
712.000
711.000
708.000
707.000
715.000
710.000
716.000
714.000
707.000
712.000
750.000
706.000
717.000
712.000
715.000
713.000
715.000
711.000
713.000
708.000
713.000
713.000
709.000
712.000
717.000
715.000
713.000
721.000
715.000
716.000
716.000
715.000
717.000
722.000
721.000
719.000
726.000
732.000
732.000
741.000
744.000
756.000
763.000
780.000
809.000
861.000
918.000
958.000
957.000
902.000
857.000
820.000
800.000
787.000
766.000
767.000
767.000
759.000
760.000
760.000
751.000
748.000
752.000
749.000
752.000
747.000
750.000
745.000
745.000
736.000
742.000
730.000
732.000
730.000
730.000
729.000
717.000
725.000
721.000
719.000
721.000
723.000
718.000
716.000
718.000
715.000
718.000
721.000
719.000
716.000
716.000
719.000
716.000
718.000
715.000
714.000
715.000
715.000
722.000
716.000
716.000
717.000
714.000
717.000
716.000
718.000
724.000
715.000
718.000
719.000
714.000
712.000
712.000
715.000
713.000
713.000
712.000
719.000
718.000
722.000
716.000
720.000
716.000
721.000
716.000
719.000
716.000
716.000
722.000
717.000
718.000
719.000
714.000
714.000
721.000
719.000
715.000
718.000
726.000
718.000
723.000
716.000
713.000
716.000
716.000
718.000
720.000
713.000
718.000
717.000
722.000
716.000
716.000
711.000
713.000
716.000
719.000
712.000
715.000
714.000
715.000
712.000
722.000
726.000
729.000
723.000
730.000
736.000
727.000
726.000
721.000
722.000
710.000
714.000
709.000
709.000
707.000
713.000
709.000
709.000
708.000
709.000
704.000
705.000
706.000
706.000
704.000
701.000
702.000
711.000
707.000
710.000
708.000
708.000
701.000
705.000
706.000
712.000
706.000
710.000
704.000
700.000
706.000
707.000
705.000
710.000
711.000
707.000
707.000
707.000
704.000
707.000
706.000
706.000
706.000
704.000
706.000
703.000
708.000
703.000
706.000
707.000
702.000
711.000
702.000
708.000
706.000
703.000
701.000
701.000
705.000
707.000
702.000
706.000
703.000
708.000
704.000
705.000
708.000
707.000
709.000
707.000
711.000
708.000
702.000
708.000
708.000
708.000
707.000
705.000
708.000
702.000
707.000
704.000
704.000
702.000
709.000
707.000
709.000
709.000
705.000
704.000
709.000
704.000
706.000
708.000
704.000
706.000
703.000
702.000
710.000
707.000
707.000
712.000
708.000
705.000
709.000
703.000
708.000
707.000
707.000
706.000
706.000
711.000
710.000
716.000
714.000
716.000
710.000
709.000
711.000
710.000
711.000
703.000
708.000
706.000
707.000
703.000
707.000
704.000
707.000
709.000
708.000
703.000
705.000
704.000
707.000
703.000
701.000
703.000
704.000
702.000
704.000
704.000
704.000
710.000
703.000
704.000
702.000
704.000
708.000
703.000
707.000
703.000
703.000
702.000
711.000
703.000
709.000
708.000
708.000
704.000
710.000
700.000
711.000
706.000
704.000
702.000
707.000
703.000
708.000
706.000
706.000
707.000
701.000
700.000
706.000
707.000
699.000
704.000
703.000
701.000
704.000
703.000
704.000
704.000
702.000
702.000
703.000
704.000
705.000
709.000
706.000
704.000
699.000
703.000
701.000
706.000
705.000
704.000
701.000
699.000
698.000
708.000
701.000
703.000
695.000
692.000
691.000
692.000
