717.000
700.000
697.000
692.000
697.000
697.000
700.000
699.000
702.000
701.000
699.000
701.000
697.000
699.000
700.000
700.000
698.000
701.000
701.000
697.000
697.000
698.000
701.000
702.000
704.000
701.000
698.000
699.000
701.000
703.000
704.000
701.000
703.000
702.000
702.000
699.000
701.000
701.000
699.000
702.000
700.000
704.000
703.000
705.000
699.000
700.000
699.000
702.000
704.000
699.000
704.000
702.000
698.000
698.000
700.000
703.000
703.000
708.000
704.000
704.000
702.000
700.000
706.000
699.000
701.000
705.000
706.000
700.000
701.000
701.000
700.000
702.000
701.000
699.000
702.000
702.000
704.000
701.000
701.000
702.000
703.000
703.000
703.000
704.000
702.000
702.000
702.000
701.000
703.000
703.000
703.000
704.000
697.000
700.000
704.000
701.000
704.000
701.000
698.000
706.000
705.000
700.000
704.000
704.000
704.000
699.000
701.000
703.000
700.000
699.000
703.000
704.000
703.000
701.000
700.000
703.000
700.000
701.000
705.000
702.000
699.000
701.000
701.000
700.000
697.000
702.000
703.000
703.000
698.000
700.000
703.000
699.000
700.000
702.000
699.000
701.000
699.000
703.000
700.000
708.000
698.000
704.000
703.000
702.000
704.000
702.000
700.000
700.000
704.000
704.000
701.000
700.000
697.000
700.000
703.000
702.000
700.000
699.000
703.000
702.000
701.000
698.000
700.000
700.000
705.000
702.000
698.000
701.000
703.000
699.000
701.000
701.000
699.000
703.000
699.000
701.000
702.000
701.000
701.000
705.000
703.000
700.000
703.000
700.000
702.000
701.000
702.000
699.000
701.000
702.000
701.000
701.000
700.000
698.000
699.000
701.000
706.000
705.000
701.000
698.000
698.000
702.000
699.000
699.000
703.000
701.000
702.000
703.000
702.000
698.000
703.000
703.000
698.000
697.000
704.000
702.000
697.000
702.000
702.000
700.000
704.000
701.000
700.000
703.000
707.000
704.000
708.000
698.000
706.000
704.000
706.000
705.000
702.000
702.000
703.000
703.000
703.000
702.000
703.000
703.000
698.000
706.000
705.000
702.000
701.000
703.000
702.000
706.000
702.000
705.000
700.000
705.000
702.000
702.000
704.000
704.000
700.000
700.000
699.000
707.000
700.000
704.000
703.000
706.000
724.000
707.000
745.000
705.000
705.000
703.000
706.000
706.000
704.000
705.000
710.000
704.000
705.000
706.000
701.000
706.000
706.000
703.000
702.000
706.000
710.000
707.000
708.000
715.000
707.000
712.000
714.000
710.000
712.000
712.000
713.000
709.000
714.000
718.000
724.000
718.000
724.000
727.000
729.000
738.000
738.000
743.000
751.000
754.000
765.000
773.000
768.000
775.000
766.000
767.000
757.000
754.000
748.000
741.000
745.000
740.000
754.000
752.000
749.000
750.000
747.000
753.000
753.000
753.000
755.000
749.000
754.000
752.000
763.000
834.000
860.000
848.000
790.000
747.000
749.000
741.000
745.000
748.000
744.000
740.000
731.000
733.000
735.000
729.000
734.000
736.000
728.000
724.000
722.000
723.000
725.000
729.000
726.000
723.000
725.000
719.000
720.000
718.000
714.000
716.000
718.000
720.000
715.000
720.000
720.000
720.000
712.000
711.000
709.000
716.000
711.000
718.000
710.000
707.000
711.000
710.000
710.000
714.000
711.000
715.000
715.000
712.000
708.000
711.000
713.000
706.000
706.000
708.000
706.000
712.000
719.000
711.000
704.000
713.000
711.000
707.000
706.000
704.000
709.000
712.000
706.000
707.000
710.000
709.000
706.000
708.000
707.000
711.000
708.000
705.000
707.000
708.000
708.000
707.000
704.000
711.000
708.000
707.000
709.000
710.000
707.000
706.000
709.000
708.000
711.000
705.000
705.000
706.000
710.000
702.000
705.000
708.000
708.000
707.000
706.000
706.000
705.000
707.000
710.000
707.000
706.000
707.000
709.000
708.000
705.000
703.000
704.000
707.000
711.000
706.000
712.000
706.000
707.000
704.000
710.000
710.000
711.000
709.000
707.000
710.000
711.000
709.000
707.000
705.000
706.000
710.000
711.000
708.000
704.000
706.000
711.000
704.000
708.000
708.000
713.000
716.000
707.000
707.000
706.000
712.000
710.000
706.000
707.000
703.000
708.000
705.000
710.000
706.000
709.000
712.000
711.000
711.000
709.000
710.000
708.000
711.000
708.000
715.000
709.000
710.000
709.000
710.000
707.000
712.000
714.000
728.000
745.000
721.000
715.000
715.000
712.000
712.000
713.000
712.000
712.000
710.000
714.000
724.000
741.000
727.000
718.000
714.000
712.000
717.000
717.000
726.000
724.000
720.000
712.000
712.000
717.000
714.000
718.000
721.000
717.000
721.000
719.000
723.000
722.000
726.000
725.000
721.000
718.000
725.000
723.000
727.000
723.000
721.000
721.000
719.000
722.000
718.000
724.000
721.000
724.000
721.000
723.000
727.000
720.000
719.000
727.000
720.000
717.000
721.000
728.000
741.000
735.000
740.000
730.000
726.000
717.000
717.000
719.000
720.000
716.000
718.000
717.000
712.000
708.000
715.000
712.000
717.000
714.000
717.000
713.000
715.000
715.000
712.000
713.000
722.000
717.000
712.000
719.000
719.000
718.000
721.000
720.000
722.000
724.000
726.000
726.000
729.000
726.000
718.000
724.000
718.000
718.000
715.000
716.000
721.000
714.000
715.000
713.000
713.000
712.000
709.000
714.000
714.000
707.000
716.000
717.000
715.000
709.000
712.000
717.000
712.000
712.000
720.000
715.000
720.000
712.000
717.000
714.000
711.000
714.000
714.000
718.000
714.000
719.000
722.000
717.000
716.000
717.000
715.000
716.000
712.000
712.000
715.000
714.000
716.000
712.000
715.000
709.000
709.000
710.000
713.000
712.000
710.000
710.000
713.000
710.000
714.000
716.000
711.000
716.000
709.000
708.000
712.000
711.000
711.000
742.000
711.000
712.000
709.000
712.000
711.000
711.000
712.000
711.000
716.000
713.000
713.000
714.000
713.000
715.000
714.000
716.000
725.000
721.000
717.000
721.000
718.000
718.000
727.000
720.000
720.000
726.000
727.000
728.000
739.000
742.000
750.000
760.000
788.000
816.000
860.000
915.000
957.000
938.000
900.000
861.000
822.000
800.000
791.000
766.000
765.000
762.000
759.000
765.000
758.000
751.000
750.000
746.000
746.000
744.000
753.000
754.000
753.000
747.000
742.000
741.000
740.000
732.000
732.000
730.000
727.000
729.000
724.000
728.000
724.000
720.000
716.000
720.000
716.000
717.000
713.000
718.000
715.000
722.000
715.000
720.000
713.000
714.000
715.000
717.000
712.000
722.000
713.000
716.000
714.000
715.000
712.000
710.000
716.000
721.000
711.000
722.000
719.000
717.000
718.000
719.000
714.000
716.000
714.000
719.000
719.000
718.000
714.000
716.000
721.000
718.000
718.000
716.000
715.000
717.000
721.000
717.000
719.000
717.000
718.000
715.000
713.000
714.000
717.000
716.000
723.000
718.000
719.000
716.000
714.000
716.000
720.000
720.000
718.000
717.000
718.000
713.000
712.000
717.000
715.000
719.000
719.000
715.000
713.000
715.000
717.000
723.000
714.000
714.000
719.000
715.000
723.000
725.000
722.000
727.000
727.000
730.000
730.000
729.000
732.000
721.000
722.000
716.000
715.000
716.000
711.000
710.000
709.000
711.000
710.000
708.000
708.000
709.000
702.000
707.000
715.000
709.000
705.000
709.000
715.000
708.000
705.000
713.000
705.000
706.000
709.000
710.000
705.000
709.000
703.000
709.000
709.000
700.000
706.000
705.000
707.000
706.000
707.000
707.000
709.000
705.000
705.000
704.000
708.000
708.000
708.000
708.000
706.000
707.000
706.000
710.000
706.000
701.000
705.000
711.000
707.000
707.000
706.000
703.000
707.000
714.000
708.000
704.000
703.000
711.000
709.000
706.000
707.000
703.000
708.000
708.000
708.000
711.000
704.000
707.000
711.000
704.000
707.000
705.000
708.000
707.000
701.000
707.000
710.000
711.000
710.000
709.000
709.000
704.000
702.000
709.000
704.000
711.000
707.000
707.000
712.000
710.000
710.000
707.000
708.000
711.000
709.000
705.000
709.000
708.000
709.000
708.000
704.000
706.000
710.000
706.000
709.000
704.000
710.000
717.000
712.000
717.000
715.000
711.000
707.000
709.000
711.000
709.000
709.000
712.000
708.000
711.000
706.000
707.000
703.000
705.000
710.000
710.000
710.000
707.000
704.000
706.000
707.000
708.000
706.000
704.000
705.000
702.000
704.000
705.000
706.000
709.000
704.000
711.000
705.000
706.000
705.000
708.000
702.000
703.000
707.000
703.000
707.000
707.000
705.000
708.000
697.000
705.000
708.000
704.000
708.000
701.000
704.000
703.000
707.000
706.000
701.000
707.000
706.000
702.000
704.000
709.000
707.000
700.000
703.000
707.000
706.000
700.000
710.000
705.000
703.000
701.000
703.000
708.000
705.000
706.000
709.000
702.000
702.000
707.000
706.000
701.000
705.000
703.000
702.000
708.000
704.000
701.000
705.000
700.000
698.000
693.000
692.000
694.000
695.000
