712.000
697.000
691.000
691.000
691.000
698.000
697.000
694.000
700.000
702.000
694.000
699.000
698.000
695.000
699.000
698.000
700.000
697.000
699.000
699.000
695.000
697.000
696.000
703.000
699.000
700.000
701.000
698.000
698.000
703.000
695.000
701.000
698.000
697.000
705.000
698.000
699.000
699.000
698.000
696.000
702.000
699.000
701.000
703.000
699.000
701.000
702.000
701.000
702.000
700.000
697.000
699.000
698.000
699.000
698.000
703.000
704.000
699.000
702.000
697.000
698.000
698.000
703.000
701.000
704.000
701.000
697.000
698.000
701.000
700.000
701.000
700.000
700.000
699.000
696.000
703.000
701.000
701.000
698.000
696.000
695.000
702.000
704.000
700.000
700.000
700.000
701.000
699.000
702.000
699.000
701.000
700.000
698.000
701.000
704.000
699.000
698.000
702.000
698.000
696.000
699.000
702.000
702.000
699.000
704.000
701.000
703.000
704.000
705.000
699.000
702.000
696.000
701.000
701.000
703.000
705.000
701.000
700.000
703.000
698.000
703.000
699.000
700.000
700.000
700.000
704.000
699.000
701.000
700.000
700.000
706.000
705.000
697.000
698.000
700.000
702.000
696.000
702.000
705.000
712.000
698.000
702.000
700.000
700.000
697.000
702.000
695.000
702.000
703.000
701.000
702.000
699.000
700.000
702.000
701.000
704.000
703.000
702.000
701.000
700.000
698.000
698.000
703.000
705.000
706.000
699.000
702.000
706.000
701.000
698.000
703.000
701.000
701.000
698.000
705.000
701.000
700.000
705.000
703.000
699.000
701.000
701.000
703.000
704.000
704.000
705.000
701.000
700.000
698.000
696.000
703.000
700.000
699.000
699.000
702.000
699.000
702.000
708.000
703.000
699.000
703.000
704.000
705.000
700.000
702.000
710.000
699.000
706.000
701.000
702.000
700.000
701.000
706.000
699.000
701.000
705.000
702.000
700.000
704.000
701.000
702.000
702.000
698.000
703.000
702.000
704.000
703.000
703.000
701.000
702.000
702.000
701.000
705.000
706.000
703.000
701.000
703.000
700.000
706.000
700.000
702.000
705.000
701.000
702.000
705.000
705.000
699.000
702.000
701.000
705.000
703.000
699.000
701.000
706.000
705.000
705.000
702.000
701.000
704.000
704.000
699.000
703.000
703.000
704.000
731.000
705.000
742.000
707.000
703.000
707.000
705.000
707.000
700.000
706.000
706.000
707.000
703.000
701.000
710.000
707.000
703.000
703.000
709.000
711.000
708.000
708.000
709.000
712.000
706.000
716.000
712.000
712.000
707.000
709.000
715.000
703.000
709.000
714.000
718.000
721.000
721.000
729.000
724.000
735.000
735.000
739.000
747.000
759.000
764.000
775.000
779.000
767.000
771.000
760.000
754.000
750.000
746.000
751.000
751.000
753.000
749.000
751.000
751.000
749.000
755.000
747.000
758.000
746.000
751.000
756.000
746.000
757.000
767.000
827.000
853.000
840.000
786.000
759.000
743.000
744.000
744.000
739.000
736.000
740.000
734.000
731.000
739.000
737.000
730.000
735.000
728.000
724.000
728.000
723.000
722.000
721.000
728.000
722.000
729.000
715.000
721.000
725.000
719.000
722.000
714.000
716.000
721.000
714.000
715.000
710.000
713.000
716.000
712.000
708.000
710.000
716.000
714.000
711.000
717.000
713.000
705.000
712.000
713.000
711.000
712.000
710.000
710.000
706.000
708.000
711.000
710.000
711.000
710.000
706.000
721.000
712.000
705.000
710.000
710.000
708.000
706.000
707.000
707.000
709.000
711.000
706.000
704.000
707.000
706.000
711.000
712.000
708.000
707.000
707.000
707.000
708.000
704.000
705.000
711.000
708.000
713.000
704.000
709.000
710.000
705.000
706.000
705.000
703.000
710.000
704.000
706.000
713.000
709.000
705.000
709.000
707.000
706.000
708.000
708.000
708.000
713.000
710.000
707.000
710.000
705.000
707.000
709.000
708.000
706.000
710.000
706.000
703.000
705.000
705.000
706.000
711.000
713.000
711.000
703.000
707.000
708.000
708.000
707.000
709.000
704.000
708.000
711.000
705.000
711.000
708.000
708.000
707.000
706.000
704.000
708.000
711.000
707.000
710.000
706.000
713.000
708.000
708.000
705.000
709.000
709.000
710.000
707.000
706.000
710.000
707.000
709.000
713.000
707.000
708.000
707.000
708.000
709.000
706.000
712.000
707.000
709.000
711.000
707.000
709.000
712.000
708.000
705.000
708.000
710.000
731.000
751.000
723.000
718.000
712.000
708.000
712.000
710.000
710.000
706.000
712.000
712.000
723.000
738.000
721.000
717.000
713.000
716.000
708.000
719.000
723.000
726.000
722.000
715.000
716.000
718.000
717.000
716.000
719.000
721.000
722.000
722.000
722.000
721.000
721.000
725.000
721.000
724.000
720.000
725.000
722.000
719.000
724.000
724.000
721.000
729.000
717.000
721.000
721.000
717.000
722.000
722.000
724.000
724.000
719.000
719.000
716.000
725.000
724.000
728.000
752.000
739.000
737.000
727.000
719.000
718.000
718.000
721.000
716.000
716.000
716.000
716.000
714.000
709.000
712.000
711.000
718.000
712.000
710.000
716.000
715.000
713.000
714.000
717.000
716.000
717.000
724.000
716.000
719.000
719.000
718.000
721.000
724.000
727.000
732.000
732.000
732.000
727.000
723.000
719.000
719.000
721.000
713.000
715.000
713.000
711.000
712.000
709.000
713.000
711.000
710.000
716.000
713.000
714.000
718.000
713.000
715.000
714.000
715.000
709.000
714.000
713.000
712.000
718.000
714.000
713.000
713.000
716.000
719.000
715.000
722.000
724.000
723.000
719.000
721.000
716.000
718.000
717.000
716.000
711.000
712.000
710.000
710.000
716.000
719.000
714.000
713.000
712.000
711.000
707.000
709.000
710.000
707.000
707.000
713.000
709.000
709.000
709.000
705.000
711.000
705.000
714.000
706.000
711.000
712.000
752.000
707.000
713.000
706.000
711.000
712.000
710.000
710.000
713.000
706.000
711.000
711.000
711.000
716.000
712.000
716.000
713.000
719.000
716.000
713.000
719.000
717.000
718.000
723.000
722.000
717.000
724.000
730.000
731.000
736.000
739.000
746.000
763.000
777.000
805.000
857.000
925.000
972.000
946.000
905.000
864.000
833.000
800.000
777.000
769.000
767.000
765.000
761.000
762.000
755.000
752.000
756.000
744.000
749.000
748.000
747.000
755.000
745.000
743.000
745.000
742.000
735.000
738.000
738.000
729.000
723.000
723.000
724.000
722.000
715.000
720.000
712.000
720.000
715.000
716.000
713.000
716.000
717.000
716.000
714.000
715.000
716.000
715.000
715.000
713.000
717.000
716.000
715.000
710.000
712.000
711.000
717.000
713.000
720.000
716.000
714.000
725.000
716.000
719.000
714.000
714.000
717.000
718.000
718.000
713.000
712.000
715.000
722.000
720.000
721.000
716.000
714.000
715.000
716.000
719.000
718.000
726.000
717.000
720.000
716.000
716.000
715.000
714.000
716.000
719.000
720.000
716.000
718.000
717.000
715.000
720.000
719.000
716.000
713.000
716.000
716.000
715.000
715.000
713.000
712.000
720.000
712.000
718.000
719.000
715.000
711.000
715.000
716.000
717.000
717.000
713.000
720.000
720.000
724.000
724.000
729.000
732.000
727.000
735.000
724.000
720.000
716.000
718.000
707.000
713.000
707.000
711.000
707.000
709.000
708.000
709.000
708.000
707.000
710.000
708.000
707.000
707.000
706.000
708.000
713.000
707.000
707.000
704.000
708.000
706.000
705.000
708.000
708.000
703.000
705.000
706.000
707.000
710.000
704.000
701.000
704.000
707.000
705.000
705.000
705.000
706.000
707.000
705.000
708.000
707.000
706.000
708.000
707.000
702.000
703.000
704.000
711.000
704.000
707.000
710.000
699.000
705.000
703.000
706.000
704.000
705.000
705.000
701.000
708.000
704.000
708.000
709.000
705.000
701.000
707.000
701.000
704.000
707.000
707.000
707.000
710.000
708.000
702.000
704.000
705.000
702.000
706.000
705.000
711.000
706.000
702.000
703.000
705.000
705.000
704.000
708.000
703.000
706.000
707.000
708.000
704.000
704.000
705.000
707.000
703.000
706.000
706.000
704.000
703.000
706.000
709.000
704.000
704.000
706.000
709.000
703.000
708.000
710.000
707.000
714.000
711.000
716.000
712.000
713.000
708.000
708.000
708.000
703.000
710.000
708.000
708.000
706.000
697.000
705.000
709.000
702.000
710.000
710.000
705.000
703.000
703.000
710.000
705.000
703.000
707.000
704.000
699.000
705.000
707.000
704.000
705.000
699.000
706.000
707.000
707.000
707.000
703.000
705.000
705.000
701.000
702.000
703.000
707.000
709.000
709.000
705.000
708.000
702.000
707.000
707.000
702.000
707.000
703.000
705.000
705.000
704.000
706.000
702.000
705.000
706.000
703.000
706.000
702.000
706.000
707.000
699.000
708.000
703.000
702.000
704.000
701.000
701.000
702.000
703.000
701.000
705.000
705.000
709.000
708.000
703.000
704.000
704.000
704.000
703.000
702.000
701.000
703.000
701.000
700.000
699.000
704.000
692.000
692.000
694.000
695.000
