718.000
702.000
694.000
696.000
695.000
697.000
699.000
703.000
700.000
698.000
698.000
699.000
701.000
696.000
703.000
702.000
702.000
702.000
699.000
702.000
700.000
697.000
703.000
703.000
702.000
699.000
702.000
698.000
699.000
701.000
700.000
703.000
703.000
701.000
701.000
700.000
701.000
701.000
699.000
702.000
702.000
703.000
708.000
701.000
701.000
701.000
700.000
702.000
702.000
699.000
700.000
704.000
702.000
704.000
704.000
696.000
702.000
700.000
701.000
699.000
699.000
702.000
703.000
702.000
704.000
702.000
702.000
699.000
703.000
702.000
701.000
704.000
702.000
703.000
701.000
705.000
701.000
703.000
701.000
697.000
697.000
697.000
705.000
701.000
700.000
702.000
702.000
703.000
703.000
703.000
700.000
702.000
701.000
697.000
700.000
705.000
695.000
700.000
696.000
698.000
702.000
700.000
702.000
699.000
705.000
701.000
701.000
697.000
705.000
701.000
699.000
702.000
700.000
698.000
702.000
700.000
705.000
703.000
705.000
701.000
700.000
703.000
701.000
699.000
698.000
702.000
704.000
700.000
702.000
700.000
706.000
703.000
699.000
706.000
699.000
702.000
700.000
701.000
699.000
708.000
705.000
704.000
699.000
703.000
698.000
700.000
700.000
701.000
702.000
701.000
699.000
701.000
696.000
703.000
701.000
700.000
702.000
700.000
702.000
704.000
699.000
698.000
706.000
700.000
700.000
697.000
696.000
703.000
698.000
697.000
705.000
700.000
703.000
703.000
700.000
703.000
701.000
703.000
708.000
703.000
702.000
702.000
704.000
706.000
703.000
698.000
699.000
698.000
703.000
700.000
705.000
700.000
704.000
702.000
702.000
700.000
703.000
698.000
699.000
703.000
705.000
701.000
704.000
702.000
706.000
701.000
707.000
703.000
703.000
700.000
704.000
706.000
699.000
701.000
702.000
703.000
703.000
699.000
697.000
704.000
701.000
695.000
704.000
705.000
699.000
701.000
710.000
700.000
703.000
707.000
702.000
710.000
703.000
702.000
704.000
702.000
708.000
703.000
701.000
704.000
707.000
703.000
704.000
705.000
710.000
702.000
709.000
705.000
702.000
703.000
698.000
699.000
709.000
703.000
704.000
704.000
700.000
703.000
702.000
703.000
703.000
705.000
702.000
701.000
723.000
706.000
749.000
707.000
707.000
708.000
704.000
704.000
705.000
703.000
702.000
708.000
706.000
705.000
703.000
707.000
705.000
705.000
708.000
709.000
709.000
711.000
706.000
711.000
709.000
713.000
712.000
709.000
714.000
712.000
709.000
715.000
711.000
720.000
719.000
718.000
725.000
727.000
730.000
731.000
735.000
744.000
743.000
763.000
768.000
770.000
778.000
768.000
763.000
762.000
752.000
749.000
747.000
743.000
744.000
751.000
742.000
758.000
750.000
749.000
751.000
748.000
754.000
747.000
749.000
748.000
746.000
749.000
761.000
825.000
855.000
842.000
797.000
758.000
747.000
745.000
737.000
743.000
737.000
740.000
737.000
737.000
731.000
729.000
729.000
726.000
731.000
726.000
727.000
726.000
720.000
726.000
727.000
720.000
722.000
721.000
720.000
724.000
718.000
717.000
709.000
715.000
717.000
718.000
711.000
714.000
716.000
711.000
711.000
712.000
711.000
714.000
713.000
709.000
713.000
710.000
712.000
709.000
707.000
714.000
710.000
705.000
711.000
708.000
713.000
706.000
709.000
711.000
709.000
711.000
711.000
710.000
709.000
706.000
708.000
709.000
706.000
705.000
709.000
707.000
712.000
706.000
707.000
709.000
707.000
709.000
709.000
705.000
708.000
709.000
704.000
711.000
705.000
707.000
707.000
710.000
704.000
712.000
708.000
708.000
708.000
710.000
701.000
710.000
713.000
706.000
708.000
706.000
708.000
707.000
708.000
703.000
708.000
708.000
712.000
707.000
708.000
708.000
708.000
706.000
712.000
707.000
707.000
706.000
708.000
705.000
708.000
708.000
709.000
708.000
715.000
707.000
706.000
709.000
707.000
710.000
710.000
711.000
711.000
707.000
708.000
709.000
710.000
707.000
710.000
712.000
710.000
706.000
708.000
706.000
707.000
711.000
709.000
711.000
706.000
716.000
707.000
707.000
711.000
711.000
710.000
707.000
710.000
708.000
707.000
704.000
704.000
708.000
709.000
713.000
712.000
708.000
708.000
711.000
706.000
705.000
709.000
714.000
710.000
705.000
711.000
706.000
710.000
711.000
715.000
730.000
745.000
721.000
714.000
709.000
712.000
712.000
711.000
714.000
714.000
709.000
711.000
724.000
746.000
720.000
712.000
714.000
714.000
711.000
716.000
723.000
729.000
720.000
713.000
717.000
713.000
712.000
714.000
718.000
720.000
722.000
721.000
724.000
722.000
720.000
724.000
727.000
725.000
721.000
721.000
724.000
722.000
721.000
723.000
724.000
724.000
718.000
723.000
723.000
725.000
717.000
721.000
727.000
718.000
725.000
720.000
720.000
720.000
720.000
725.000
744.000
739.000
739.000
733.000
727.000
717.000
713.000
720.000
721.000
715.000
719.000
721.000
712.000
714.000
719.000
720.000
717.000
714.000
719.000
718.000
715.000
718.000
715.000
715.000
718.000
716.000
723.000
717.000
720.000
717.000
721.000
723.000
724.000
722.000
737.000
734.000
730.000
726.000
723.000
722.000
720.000
721.000
719.000
716.000
714.000
717.000
719.000
715.000
712.000
718.000
712.000
716.000
714.000
715.000
713.000
718.000
710.000
714.000
708.000
705.000
713.000
714.000
714.000
714.000
716.000
712.000
715.000
712.000
720.000
716.000
719.000
721.000
718.000
720.000
720.000
720.000
717.000
714.000
717.000
721.000
717.000
714.000
714.000
714.000
714.000
713.000
712.000
714.000
711.000
709.000
712.000
711.000
712.000
712.000
716.000
713.000
714.000
712.000
712.000
718.000
710.000
712.000
708.000
711.000
713.000
740.000
712.000
713.000
710.000
712.000
715.000
714.000
717.000
712.000
711.000
712.000
715.000
717.000
714.000
714.000
717.000
716.000
717.000
717.000
716.000
716.000
717.000
725.000
725.000
724.000
724.000
726.000
730.000
735.000
738.000
737.000
750.000
766.000
780.000
804.000
860.000
918.000
954.000
954.000
913.000
852.000
825.000
805.000
782.000
776.000
772.000
776.000
762.000
759.000
756.000
753.000
751.000
749.000
750.000
743.000
749.000
750.000
757.000
753.000
743.000
746.000
735.000
729.000
730.000
735.000
732.000
727.000
725.000
721.000
721.000
719.000
722.000
716.000
715.000
709.000
720.000
718.000
719.000
714.000
719.000
716.000
715.000
716.000
721.000
713.000
717.000
716.000
716.000
718.000
717.000
718.000
718.000
722.000
719.000
717.000
721.000
725.000
714.000
723.000
719.000
719.000
717.000
717.000
714.000
713.000
717.000
718.000
718.000
722.000
716.000
719.000
716.000
722.000
722.000
719.000
722.000
718.000
724.000
721.000
721.000
718.000
716.000
722.000
722.000
724.000
720.000
717.000
718.000
721.000
716.000
719.000
719.000
716.000
717.000
718.000
720.000
716.000
710.000
713.000
716.000
722.000
717.000
710.000
717.000
718.000
720.000
716.000
719.000
714.000
717.000
713.000
721.000
725.000
729.000
732.000
730.000
734.000
731.000
734.000
722.000
726.000
721.000
714.000
717.000
714.000
712.000
709.000
710.000
714.000
713.000
711.000
712.000
709.000
704.000
708.000
705.000
711.000
710.000
705.000
714.000
711.000
704.000
703.000
704.000
706.000
708.000
703.000
705.000
704.000
708.000
707.000
705.000
708.000
710.000
712.000
708.000
705.000
708.000
714.000
706.000
704.000
713.000
705.000
706.000
711.000
707.000
708.000
712.000
705.000
702.000
710.000
704.000
707.000
703.000
708.000
704.000
704.000
709.000
707.000
706.000
709.000
710.000
707.000
705.000
706.000
707.000
706.000
708.000
708.000
708.000
710.000
706.000
710.000
710.000
703.000
709.000
709.000
705.000
706.000
708.000
707.000
709.000
709.000
704.000
710.000
709.000
705.000
703.000
701.000
707.000
707.000
709.000
706.000
706.000
703.000
711.000
708.000
706.000
709.000
709.000
708.000
705.000
709.000
705.000
710.000
703.000
709.000
701.000
704.000
708.000
701.000
708.000
708.000
711.000
712.000
710.000
711.000
713.000
714.000
702.000
708.000
703.000
707.000
707.000
710.000
708.000
710.000
706.000
703.000
709.000
703.000
704.000
707.000
706.000
710.000
707.000
708.000
709.000
701.000
709.000
707.000
702.000
711.000
704.000
705.000
708.000
704.000
708.000
713.000
704.000
702.000
706.000
707.000
704.000
706.000
702.000
704.000
712.000
709.000
705.000
705.000
709.000
702.000
708.000
708.000
701.000
706.000
705.000
707.000
704.000
706.000
703.000
705.000
702.000
701.000
703.000
704.000
708.000
703.000
707.000
704.000
708.000
706.000
699.000
702.000
700.000
701.000
704.000
705.000
706.000
704.000
708.000
709.000
705.000
707.000
707.000
703.000
706.000
705.000
705.000
707.000
703.000
704.000
701.000
701.000
703.000
692.000
690.000
693.000
693.000
