715.000
699.000
697.000
693.000
697.000
696.000
700.000
702.000
699.000
702.000
698.000
706.000
700.000
699.000
700.000
698.000
697.000
699.000
699.000
699.000
701.000
705.000
702.000
704.000
700.000
704.000
698.000
704.000
700.000
700.000
698.000
698.000
704.000
703.000
708.000
701.000
704.000
701.000
705.000
704.000
703.000
704.000
708.000
701.000
705.000
703.000
701.000
705.000
703.000
701.000
699.000
704.000
704.000
705.000
700.000
702.000
702.000
702.000
700.000
701.000
696.000
703.000
700.000
701.000
702.000
705.000
703.000
703.000
704.000
705.000
707.000
708.000
701.000
701.000
703.000
708.000
702.000
701.000
700.000
701.000
704.000
705.000
706.000
698.000
705.000
705.000
700.000
703.000
703.000
700.000
706.000
705.000
699.000
700.000
705.000
702.000
706.000
705.000
704.000
705.000
704.000
700.000
699.000
704.000
702.000
695.000
703.000
705.000
701.000
704.000
706.000
702.000
701.000
703.000
703.000
700.000
703.000
701.000
698.000
698.000
703.000
705.000
700.000
701.000
701.000
699.000
703.000
705.000
701.000
698.000
700.000
702.000
701.000
701.000
703.000
703.000
702.000
708.000
703.000
715.000
702.000
701.000
702.000
704.000
702.000
701.000
699.000
698.000
703.000
700.000
704.000
696.000
701.000
703.000
707.000
701.000
701.000
699.000
699.000
706.000
702.000
704.000
705.000
699.000
704.000
703.000
698.000
702.000
703.000
701.000
699.000
702.000
699.000
698.000
704.000
703.000
703.000
703.000
703.000
704.000
700.000
698.000
700.000
704.000
701.000
701.000
703.000
705.000
705.000
700.000
705.000
701.000
702.000
703.000
705.000
703.000
702.000
703.000
699.000
703.000
704.000
700.000
700.000
705.000
704.000
702.000
700.000
702.000
703.000
702.000
706.000
702.000
706.000
706.000
704.000
703.000
702.000
698.000
705.000
701.000
703.000
704.000
700.000
703.000
706.000
705.000
704.000
704.000
704.000
702.000
706.000
702.000
703.000
704.000
705.000
701.000
706.000
702.000
708.000
703.000
705.000
704.000
700.000
705.000
703.000
704.000
710.000
703.000
704.000
703.000
702.000
703.000
706.000
704.000
709.000
705.000
707.000
703.000
705.000
704.000
703.000
708.000
703.000
703.000
725.000
709.000
741.000
705.000
706.000
707.000
708.000
707.000
710.000
707.000
707.000
705.000
704.000
708.000
704.000
708.000
706.000
708.000
708.000
708.000
711.000
707.000
709.000
714.000
714.000
711.000
711.000
715.000
713.000
716.000
716.000
715.000
714.000
719.000
720.000
722.000
727.000
728.000
739.000
734.000
732.000
741.000
748.000
759.000
766.000
775.000
779.000
769.000
766.000
768.000
750.000
755.000
747.000
747.000
753.000
749.000
744.000
757.000
748.000
748.000
747.000
754.000
750.000
751.000
749.000
753.000
746.000
760.000
766.000
833.000
848.000
843.000
802.000
759.000
745.000
749.000
741.000
743.000
745.000
736.000
740.000
736.000
735.000
736.000
734.000
734.000
723.000
728.000
733.000
730.000
728.000
725.000
728.000
725.000
721.000
728.000
725.000
718.000
722.000
721.000
713.000
715.000
718.000
717.000
712.000
715.000
718.000
717.000
711.000
712.000
717.000
718.000
716.000
714.000
714.000
708.000
713.000
708.000
710.000
713.000
713.000
710.000
712.000
711.000
708.000
709.000
712.000
712.000
711.000
715.000
719.000
711.000
707.000
708.000
712.000
708.000
708.000
711.000
711.000
708.000
710.000
709.000
712.000
711.000
709.000
710.000
710.000
706.000
710.000
708.000
711.000
709.000
707.000
704.000
705.000
709.000
709.000
708.000
709.000
709.000
709.000
708.000
709.000
703.000
712.000
706.000
709.000
703.000
706.000
708.000
704.000
702.000
704.000
709.000
710.000
711.000
713.000
708.000
711.000
709.000
707.000
706.000
709.000
710.000
713.000
709.000
706.000
710.000
710.000
715.000
707.000
708.000
706.000
711.000
702.000
703.000
712.000
708.000
709.000
707.000
704.000
708.000
705.000
708.000
713.000
710.000
708.000
708.000
710.000
704.000
709.000
704.000
704.000
710.000
703.000
716.000
714.000
705.000
706.000
708.000
708.000
710.000
707.000
712.000
713.000
711.000
708.000
708.000
714.000
710.000
706.000
705.000
706.000
709.000
706.000
711.000
708.000
706.000
707.000
708.000
707.000
707.000
710.000
715.000
712.000
724.000
750.000
723.000
714.000
711.000
707.000
712.000
708.000
708.000
708.000
710.000
713.000
719.000
745.000
727.000
715.000
713.000
712.000
716.000
715.000
723.000
728.000
720.000
712.000
715.000
715.000
717.000
714.000
723.000
724.000
720.000
718.000
723.000
726.000
726.000
724.000
724.000
731.000
726.000
728.000
722.000
723.000
725.000
722.000
729.000
727.000
722.000
721.000
723.000
724.000
723.000
724.000
721.000
719.000
720.000
723.000
723.000
722.000
721.000
727.000
743.000
743.000
735.000
729.000
729.000
722.000
716.000
725.000
720.000
723.000
715.000
718.000
712.000
714.000
716.000
716.000
713.000
716.000
713.000
717.000
721.000
717.000
717.000
714.000
720.000
717.000
719.000
715.000
721.000
720.000
718.000
723.000
725.000
723.000
732.000
732.000
724.000
732.000
725.000
720.000
720.000
721.000
720.000
716.000
718.000
716.000
715.000
715.000
716.000
718.000
714.000
717.000
714.000
715.000
718.000
716.000
717.000
710.000
714.000
713.000
715.000
714.000
715.000
714.000
719.000
711.000
721.000
719.000
717.000
716.000
717.000
723.000
720.000
718.000
722.000
720.000
719.000
710.000
712.000
712.000
718.000
714.000
716.000
714.000
715.000
714.000
714.000
712.000
715.000
707.000
713.000
712.000
711.000
710.000
712.000
711.000
717.000
714.000
707.000
717.000
708.000
712.000
712.000
713.000
713.000
760.000
710.000
709.000
714.000
717.000
707.000
713.000
710.000
717.000
711.000
712.000
715.000
714.000
717.000
713.000
716.000
718.000
720.000
722.000
717.000
719.000
717.000
724.000
717.000
719.000
715.000
724.000
731.000
726.000
739.000
745.000
751.000
765.000
783.000
815.000
859.000
919.000
971.000
943.000
911.000
863.000
828.000
792.000
784.000
772.000
771.000
764.000
764.000
764.000
758.000
756.000
754.000
753.000
758.000
747.000
753.000
757.000
749.000
754.000
745.000
746.000
743.000
744.000
734.000
727.000
731.000
725.000
725.000
725.000
724.000
721.000
722.000
722.000
717.000
715.000
719.000
717.000
715.000
718.000
721.000
712.000
715.000
715.000
713.000
718.000
721.000
718.000
709.000
719.000
714.000
716.000
716.000
718.000
716.000
716.000
722.000
729.000
717.000
721.000
719.000
723.000
719.000
714.000
715.000
719.000
718.000
715.000
715.000
718.000
723.000
721.000
720.000
721.000
718.000
720.000
720.000
721.000
715.000
722.000
715.000
716.000
717.000
718.000
713.000
722.000
716.000
725.000
720.000
721.000
724.000
719.000
721.000
713.000
721.000
717.000
720.000
719.000
715.000
716.000
717.000
719.000
716.000
720.000
712.000
718.000
718.000
716.000
716.000
717.000
718.000
719.000
720.000
721.000
726.000
725.000
735.000
731.000
734.000
728.000
727.000
724.000
723.000
719.000
717.000
713.000
709.000
710.000
703.000
704.000
711.000
710.000
708.000
710.000
707.000
709.000
708.000
708.000
715.000
709.000
711.000
705.000
707.000
709.000
702.000
706.000
707.000
708.000
709.000
709.000
709.000
706.000
708.000
705.000
707.000
710.000
703.000
707.000
709.000
711.000
704.000
708.000
705.000
706.000
708.000
711.000
710.000
708.000
706.000
707.000
707.000
703.000
704.000
706.000
707.000
708.000
705.000
709.000
706.000
710.000
704.000
708.000
709.000
704.000
703.000
707.000
707.000
705.000
709.000
709.000
708.000
705.000
711.000
712.000
702.000
707.000
711.000
709.000
705.000
709.000
709.000
710.000
703.000
707.000
711.000
704.000
709.000
709.000
706.000
701.000
708.000
710.000
709.000
704.000
706.000
705.000
708.000
710.000
711.000
711.000
706.000
709.000
710.000
705.000
707.000
710.000
709.000
706.000
706.000
707.000
705.000
705.000
709.000
705.000
708.000
714.000
716.000
710.000
716.000
709.000
710.000
707.000
715.000
704.000
706.000
708.000
709.000
710.000
705.000
708.000
708.000
708.000
708.000
709.000
714.000
706.000
706.000
702.000
705.000
705.000
702.000
705.000
706.000
709.000
706.000
704.000
706.000
708.000
703.000
705.000
707.000
708.000
708.000
711.000
706.000
704.000
707.000
706.000
707.000
704.000
703.000
703.000
709.000
705.000
704.000
704.000
705.000
711.000
703.000
706.000
708.000
706.000
706.000
709.000
710.000
709.000
700.000
709.000
707.000
698.000
706.000
705.000
705.000
700.000
705.000
704.000
708.000
703.000
701.000
704.000
705.000
708.000
708.000
705.000
703.000
705.000
706.000
702.000
703.000
709.000
704.000
703.000
703.000
701.000
700.000
704.000
703.000
692.000
690.000
694.000
690.000
