715.000
699.000
693.000
689.000
695.000
698.000
695.000
704.000
704.000
701.000
701.000
705.000
700.000
697.000
702.000
699.000
701.000
699.000
699.000
701.000
705.000
703.000
702.000
700.000
702.000
697.000
701.000
698.000
704.000
701.000
700.000
702.000
701.000
701.000
700.000
701.000
701.000
705.000
705.000
700.000
702.000
703.000
702.000
703.000
700.000
700.000
700.000
699.000
700.000
704.000
702.000
703.000
705.000
706.000
702.000
703.000
704.000
700.000
704.000
699.000
697.000
701.000
699.000
700.000
701.000
701.000
697.000
697.000
704.000
696.000
705.000
698.000
700.000
703.000
704.000
706.000
702.000
700.000
698.000
701.000
704.000
705.000
706.000
700.000
704.000
704.000
704.000
699.000
703.000
696.000
696.000
700.000
703.000
698.000
698.000
699.000
698.000
703.000
698.000
704.000
704.000
696.000
703.000
703.000
702.000
699.000
703.000
703.000
700.000
703.000
704.000
703.000
701.000
704.000
705.000
706.000
702.000
703.000
701.000
695.000
703.000
703.000
702.000
702.000
699.000
703.000
705.000
699.000
704.000
706.000
702.000
703.000
698.000
700.000
700.000
705.000
698.000
699.000
701.000
707.000
698.000
703.000
699.000
705.000
698.000
706.000
705.000
703.000
701.000
703.000
702.000
702.000
699.000
701.000
700.000
697.000
702.000
704.000
704.000
701.000
698.000
703.000
700.000
705.000
698.000
699.000
700.000
705.000
702.000
703.000
700.000
705.000
698.000
701.000
702.000
704.000
701.000
700.000
701.000
702.000
698.000
700.000
703.000
701.000
703.000
703.000
701.000
700.000
700.000
701.000
702.000
705.000
700.000
700.000
698.000
701.000
703.000
703.000
699.000
701.000
703.000
697.000
703.000
698.000
704.000
699.000
701.000
707.000
705.000
703.000
700.000
704.000
702.000
701.000
704.000
698.000
700.000
700.000
704.000
703.000
701.000
702.000
699.000
702.000
703.000
701.000
702.000
701.000
703.000
703.000
703.000
703.000
705.000
696.000
705.000
701.000
704.000
700.000
705.000
705.000
704.000
701.000
703.000
701.000
706.000
700.000
702.000
705.000
702.000
703.000
701.000
705.000
703.000
703.000
707.000
704.000
707.000
703.000
704.000
699.000
700.000
706.000
702.000
708.000
717.000
708.000
745.000
704.000
703.000
706.000
705.000
706.000
701.000
707.000
702.000
707.000
701.000
702.000
705.000
707.000
705.000
706.000
705.000
705.000
708.000
708.000
711.000
714.000
710.000
711.000
709.000
709.000
708.000
710.000
709.000
710.000
713.000
719.000
717.000
717.000
717.000
728.000
725.000
730.000
729.000
738.000
748.000
758.000
763.000
775.000
771.000
769.000
768.000
760.000
756.000
748.000
749.000
748.000
742.000
743.000
753.000
754.000
746.000
748.000
751.000
752.000
749.000
743.000
749.000
742.000
750.000
756.000
764.000
823.000
847.000
842.000
793.000
752.000
744.000
743.000
748.000
746.000
743.000
738.000
741.000
738.000
739.000
734.000
741.000
736.000
738.000
728.000
727.000
729.000
723.000
721.000
723.000
724.000
723.000
723.000
717.000
725.000
719.000
720.000
713.000
717.000
718.000
707.000
716.000
714.000
723.000
713.000
716.000
714.000
713.000
711.000
710.000
715.000
713.000
713.000
705.000
709.000
710.000
710.000
712.000
706.000
711.000
709.000
709.000
704.000
709.000
712.000
708.000
714.000
718.000
709.000
711.000
711.000
711.000
714.000
705.000
709.000
707.000
710.000
711.000
706.000
706.000
707.000
712.000
710.000
708.000
710.000
710.000
710.000
708.000
710.000
707.000
702.000
705.000
710.000
712.000
708.000
706.000
705.000
705.000
709.000
707.000
708.000
711.000
707.000
708.000
705.000
708.000
710.000
703.000
711.000
708.000
706.000
708.000
705.000
710.000
712.000
709.000
710.000
707.000
708.000
702.000
707.000
709.000
707.000
706.000
705.000
705.000
712.000
711.000
711.000
706.000
709.000
709.000
707.000
714.000
709.000
706.000
713.000
710.000
709.000
709.000
709.000
706.000
712.000
711.000
703.000
709.000
708.000
710.000
704.000
705.000
711.000
710.000
710.000
708.000
705.000
708.000
713.000
707.000
710.000
707.000
711.000
710.000
704.000
711.000
710.000
707.000
709.000
709.000
706.000
707.000
712.000
707.000
711.000
707.000
711.000
708.000
713.000
707.000
707.000
712.000
712.000
708.000
724.000
744.000
721.000
714.000
712.000
709.000
715.000
714.000
709.000
711.000
710.000
713.000
724.000
745.000
725.000
715.000
713.000
713.000
718.000
720.000
721.000
725.000
722.000
716.000
717.000
712.000
719.000
714.000
720.000
720.000
723.000
724.000
723.000
726.000
722.000
730.000
723.000
726.000
725.000
727.000
724.000
723.000
719.000
724.000
722.000
723.000
716.000
730.000
723.000
719.000
719.000
720.000
726.000
721.000
715.000
724.000
721.000
721.000
726.000
725.000
744.000
748.000
738.000
736.000
727.000
722.000
721.000
716.000
714.000
715.000
722.000
716.000
715.000
717.000
715.000
720.000
718.000
713.000
713.000
718.000
714.000
713.000
716.000
720.000
721.000
712.000
717.000
718.000
717.000
721.000
722.000
723.000
725.000
728.000
734.000
734.000
731.000
734.000
726.000
725.000
718.000
715.000
716.000
713.000
712.000
718.000
716.000
714.000
712.000
712.000
713.000
714.000
716.000
710.000
719.000
714.000
714.000
713.000
712.000
714.000
712.000
710.000
719.000
718.000
718.000
714.000
717.000
719.000
715.000
717.000
719.000
717.000
722.000
723.000
718.000
718.000
718.000
721.000
718.000
711.000
718.000
712.000
716.000
710.000
714.000
711.000
710.000
715.000
714.000
715.000
714.000
710.000
708.000
713.000
714.000
709.000
710.000
717.000
710.000
716.000
712.000
713.000
712.000
710.000
711.000
751.000
714.000
711.000
711.000
713.000
714.000
715.000
711.000
716.000
714.000
713.000
715.000
708.000
714.000
712.000
717.000
716.000
726.000
718.000
715.000
718.000
713.000
727.000
723.000
726.000
721.000
727.000
733.000
726.000
740.000
744.000
754.000
763.000
787.000
815.000
851.000
925.000
978.000
954.000
906.000
868.000
833.000
800.000
785.000
772.000
766.000
769.000
760.000
761.000
758.000
752.000
754.000
751.000
751.000
750.000
747.000
754.000
746.000
750.000
742.000
736.000
738.000
737.000
731.000
724.000
732.000
725.000
730.000
726.000
724.000
727.000
718.000
721.000
720.000
717.000
717.000
720.000
717.000
715.000
717.000
714.000
720.000
711.000
712.000
716.000
713.000
719.000
711.000
717.000
713.000
720.000
717.000
713.000
716.000
722.000
718.000
724.000
718.000
715.000
719.000
718.000
718.000
716.000
719.000
719.000
719.000
720.000
723.000
720.000
718.000
719.000
721.000
718.000
720.000
719.000
719.000
723.000
720.000
720.000
718.000
721.000
719.000
716.000
723.000
724.000
717.000
716.000
720.000
715.000
717.000
720.000
722.000
716.000
717.000
719.000
718.000
717.000
718.000
721.000
712.000
717.000
715.000
716.000
711.000
721.000
716.000
718.000
714.000
715.000
721.000
717.000
719.000
724.000
730.000
727.000
729.000
739.000
732.000
732.000
728.000
721.000
719.000
713.000
711.000
711.000
715.000
712.000
712.000
704.000
708.000
708.000
716.000
709.000
708.000
708.000
707.000
708.000
705.000
703.000
712.000
708.000
707.000
710.000
708.000
702.000
705.000
709.000
704.000
709.000
707.000
716.000
704.000
707.000
704.000
710.000
709.000
705.000
708.000
703.000
708.000
701.000
708.000
707.000
712.000
709.000
707.000
701.000
705.000
704.000
706.000
705.000
706.000
705.000
707.000
707.000
703.000
705.000
706.000
704.000
706.000
704.000
706.000
705.000
703.000
708.000
707.000
707.000
703.000
707.000
708.000
708.000
712.000
709.000
706.000
707.000
710.000
710.000
706.000
705.000
709.000
708.000
706.000
707.000
709.000
706.000
711.000
709.000
705.000
709.000
705.000
710.000
707.000
709.000
706.000
704.000
708.000
709.000
707.000
709.000
704.000
708.000
707.000
707.000
705.000
709.000
706.000
709.000
703.000
704.000
701.000
709.000
708.000
707.000
705.000
707.000
712.000
715.000
712.000
714.000
713.000
708.000
712.000
710.000
709.000
708.000
706.000
706.000
703.000
710.000
703.000
707.000
705.000
709.000
705.000
708.000
709.000
706.000
703.000
705.000
714.000
702.000
703.000
702.000
711.000
701.000
703.000
701.000
708.000
704.000
704.000
705.000
704.000
709.000
703.000
705.000
708.000
708.000
703.000
707.000
707.000
705.000
707.000
703.000
703.000
709.000
701.000
708.000
703.000
704.000
705.000
703.000
703.000
706.000
703.000
706.000
705.000
705.000
710.000
704.000
706.000
706.000
706.000
702.000
705.000
708.000
701.000
703.000
705.000
710.000
708.000
707.000
711.000
713.000
706.000
705.000
705.000
707.000
705.000
701.000
702.000
705.000
704.000
703.000
702.000
700.000
700.000
694.000
694.000
694.000
694.000
