715.000
697.000
693.000
693.000
696.000
698.000
694.000
697.000
699.000
696.000
698.000
703.000
700.000
703.000
704.000
701.000
697.000
700.000
703.000
702.000
700.000
702.000
702.000
703.000
699.000
699.000
703.000
700.000
701.000
704.000
701.000
702.000
706.000
704.000
707.000
701.000
700.000
707.000
703.000
703.000
699.000
704.000
701.000
703.000
701.000
704.000
699.000
704.000
704.000
703.000
702.000
699.000
702.000
703.000
698.000
704.000
700.000
701.000
703.000
703.000
700.000
704.000
702.000
707.000
700.000
703.000
702.000
702.000
704.000
701.000
705.000
704.000
701.000
698.000
703.000
701.000
705.000
700.000
700.000
699.000
705.000
701.000
708.000
701.000
703.000
703.000
699.000
702.000
700.000
701.000
702.000
702.000
703.000
705.000
705.000
700.000
701.000
700.000
701.000
703.000
701.000
700.000
704.000
700.000
705.000
701.000
703.000
705.000
698.000
699.000
704.000
704.000
706.000
702.000
699.000
705.000
702.000
703.000
701.000
697.000
700.000
703.000
703.000
700.000
700.000
703.000
702.000
700.000
705.000
702.000
705.000
700.000
698.000
700.000
701.000
705.000
697.000
705.000
704.000
713.000
704.000
707.000
704.000
702.000
698.000
698.000
704.000
701.000
702.000
697.000
700.000
699.000
700.000
698.000
698.000
702.000
704.000
698.000
700.000
706.000
706.000
702.000
702.000
701.000
703.000
702.000
700.000
702.000
699.000
701.000
702.000
698.000
703.000
701.000
699.000
705.000
704.000
706.000
701.000
700.000
703.000
701.000
705.000
703.000
698.000
703.000
702.000
703.000
701.000
701.000
704.000
703.000
699.000
702.000
701.000
706.000
701.000
702.000
699.000
700.000
706.000
701.000
698.000
701.000
704.000
702.000
703.000
707.000
702.000
699.000
701.000
702.000
702.000
697.000
705.000
705.000
701.000
702.000
698.000
701.000
700.000
702.000
699.000
703.000
704.000
703.000
704.000
703.000
706.000
701.000
705.000
704.000
703.000
702.000
701.000
706.000
705.000
702.000
703.000
701.000
704.000
702.000
706.000
707.000
704.000
706.000
700.000
705.000
702.000
705.000
701.000
702.000
704.000
704.000
703.000
707.000
704.000
701.000
703.000
702.000
701.000
704.000
704.000
709.000
728.000
704.000
738.000
709.000
706.000
705.000
705.000
703.000
702.000
702.000
700.000
699.000
705.000
704.000
703.000
704.000
704.000
704.000
702.000
706.000
706.000
707.000
709.000
711.000
715.000
712.000
713.000
708.000
717.000
710.000
709.000
714.000
714.000
714.000
716.000
720.000
723.000
724.000
729.000
735.000
736.000
739.000
741.000
756.000
768.000
772.000
775.000
778.000
764.000
764.000
750.000
752.000
740.000
748.000
743.000
750.000
745.000
751.000
749.000
750.000
752.000
750.000
750.000
748.000
750.000
745.000
741.000
749.000
762.000
824.000
854.000
852.000
799.000
750.000
747.000
744.000
744.000
747.000
738.000
736.000
742.000
734.000
728.000
737.000
736.000
733.000
735.000
730.000
725.000
727.000
726.000
719.000
722.000
723.000
721.000
713.000
724.000
721.000
716.000
720.000
714.000
717.000
715.000
720.000
714.000
711.000
713.000
715.000
714.000
714.000
711.000
715.000
712.000
713.000
707.000
710.000
707.000
710.000
709.000
710.000
710.000
711.000
706.000
709.000
708.000
705.000
712.000
706.000
706.000
706.000
720.000
708.000
710.000
702.000
706.000
712.000
707.000
707.000
711.000
705.000
710.000
704.000
707.000
705.000
707.000
706.000
711.000
709.000
709.000
707.000
704.000
709.000
710.000
711.000
707.000
707.000
710.000
708.000
708.000
711.000
705.000
706.000
709.000
703.000
706.000
705.000
709.000
709.000
707.000
707.000
701.000
706.000
706.000
706.000
707.000
705.000
712.000
704.000
706.000
711.000
707.000
708.000
709.000
708.000
708.000
707.000
707.000
706.000
708.000
708.000
708.000
709.000
707.000
705.000
711.000
707.000
713.000
707.000
705.000
703.000
708.000
707.000
709.000
711.000
708.000
710.000
707.000
704.000
706.000
709.000
701.000
705.000
706.000
708.000
710.000
707.000
709.000
703.000
706.000
706.000
709.000
705.000
706.000
708.000
711.000
704.000
708.000
711.000
704.000
708.000
704.000
709.000
711.000
707.000
710.000
707.000
708.000
716.000
705.000
713.000
710.000
710.000
708.000
716.000
710.000
729.000
748.000
718.000
716.000
713.000
710.000
710.000
711.000
709.000
709.000
713.000
715.000
724.000
743.000
725.000
713.000
713.000
710.000
715.000
716.000
724.000
727.000
723.000
716.000
715.000
712.000
719.000
711.000
718.000
717.000
717.000
717.000
721.000
724.000
721.000
725.000
716.000
723.000
722.000
725.000
725.000
729.000
721.000
726.000
723.000
721.000
720.000
725.000
723.000
727.000
719.000
718.000
724.000
716.000
724.000
722.000
717.000
717.000
731.000
731.000
739.000
738.000
743.000
734.000
727.000
722.000
719.000
719.000
718.000
718.000
715.000
711.000
716.000
716.000
717.000
714.000
718.000
713.000
718.000
715.000
717.000
717.000
714.000
717.000
715.000
713.000
724.000
718.000
725.000
721.000
725.000
720.000
724.000
723.000
730.000
735.000
731.000
733.000
723.000
723.000
718.000
717.000
723.000
717.000
713.000
711.000
711.000
714.000
715.000
713.000
713.000
715.000
716.000
713.000
713.000
714.000
712.000
714.000
711.000
714.000
713.000
715.000
710.000
717.000
708.000
719.000
717.000
717.000
722.000
717.000
720.000
726.000
724.000
724.000
721.000
719.000
713.000
719.000
717.000
719.000
719.000
712.000
710.000
714.000
714.000
713.000
714.000
712.000
716.000
707.000
709.000
712.000
709.000
713.000
709.000
715.000
714.000
710.000
713.000
714.000
715.000
711.000
710.000
717.000
713.000
745.000
712.000
711.000
711.000
712.000
715.000
717.000
712.000
712.000
713.000
716.000
718.000
715.000
714.000
715.000
717.000
714.000
724.000
716.000
715.000
717.000
720.000
724.000
721.000
724.000
726.000
726.000
730.000
734.000
738.000
744.000
754.000
766.000
783.000
810.000
856.000
912.000
964.000
941.000
909.000
864.000
826.000
803.000
782.000
771.000
763.000
770.000
760.000
762.000
753.000
750.000
755.000
740.000
749.000
745.000
750.000
756.000
745.000
757.000
750.000
744.000
740.000
733.000
731.000
730.000
720.000
731.000
728.000
725.000
725.000
722.000
717.000
717.000
720.000
718.000
717.000
714.000
711.000
719.000
715.000
718.000
713.000
711.000
714.000
720.000
715.000
713.000
715.000
717.000
712.000
713.000
718.000
716.000
717.000
717.000
718.000
725.000
718.000
721.000
716.000
719.000
719.000
719.000
715.000
714.000
719.000
722.000
718.000
716.000
725.000
717.000
724.000
721.000
718.000
721.000
721.000
722.000
720.000
719.000
724.000
714.000
720.000
718.000
717.000
716.000
719.000
713.000
719.000
721.000
716.000
720.000
720.000
717.000
718.000
722.000
715.000
721.000
719.000
716.000
713.000
724.000
717.000
718.000
718.000
719.000
716.000
719.000
718.000
716.000
721.000
715.000
723.000
722.000
728.000
728.000
729.000
733.000
732.000
734.000
727.000
725.000
720.000
716.000
716.000
710.000
711.000
711.000
712.000
709.000
709.000
713.000
705.000
707.000
710.000
709.000
712.000
707.000
702.000
705.000
715.000
710.000
707.000
707.000
708.000
709.000
709.000
705.000
706.000
709.000
705.000
710.000
706.000
708.000
703.000
703.000
708.000
707.000
709.000
708.000
706.000
710.000
710.000
705.000
708.000
702.000
705.000
711.000
708.000
712.000
704.000
702.000
708.000
707.000
709.000
709.000
703.000
704.000
707.000
707.000
707.000
708.000
706.000
707.000
706.000
706.000
712.000
705.000
706.000
706.000
707.000
712.000
712.000
710.000
705.000
702.000
709.000
707.000
710.000
711.000
707.000
702.000
711.000
706.000
708.000
707.000
709.000
704.000
705.000
708.000
709.000
707.000
710.000
707.000
708.000
705.000
706.000
706.000
706.000
706.000
705.000
710.000
707.000
706.000
705.000
710.000
702.000
705.000
704.000
705.000
707.000
705.000
711.000
707.000
706.000
712.000
709.000
711.000
714.000
717.000
707.000
709.000
709.000
706.000
709.000
708.000
708.000
712.000
705.000
705.000
704.000
711.000
707.000
711.000
711.000
707.000
705.000
706.000
701.000
709.000
712.000
707.000
710.000
706.000
710.000
706.000
712.000
702.000
708.000
707.000
707.000
707.000
703.000
707.000
702.000
703.000
709.000
703.000
707.000
706.000
711.000
703.000
707.000
704.000
703.000
705.000
706.000
703.000
712.000
708.000
704.000
708.000
702.000
702.000
700.000
705.000
704.000
709.000
706.000
705.000
703.000
710.000
702.000
706.000
703.000
700.000
703.000
706.000
704.000
704.000
705.000
709.000
703.000
710.000
705.000
703.000
706.000
705.000
706.000
705.000
702.000
707.000
706.000
699.000
703.000
703.000
703.000
695.000
693.000
695.000
695.000
