715.000
699.000
694.000
692.000
691.000
695.000
693.000
696.000
700.000
699.000
696.000
699.000
692.000
695.000
696.000
694.000
695.000
697.000
696.000
698.000
691.000
694.000
698.000
695.000
695.000
690.000
699.000
696.000
695.000
694.000
696.000
697.000
696.000
695.000
694.000
696.000
691.000
698.000
697.000
695.000
694.000
696.000
695.000
699.000
696.000
693.000
696.000
695.000
699.000
694.000
694.000
698.000
693.000
695.000
693.000
697.000
696.000
700.000
694.000
700.000
692.000
696.000
695.000
695.000
697.000
696.000
701.000
697.000
696.000
691.000
696.000
695.000
696.000
693.000
695.000
695.000
696.000
695.000
694.000
695.000
696.000
699.000
695.000
694.000
698.000
693.000
698.000
691.000
695.000
696.000
699.000
697.000
695.000
698.000
693.000
700.000
696.000
695.000
694.000
696.000
696.000
698.000
695.000
698.000
696.000
700.000
697.000
697.000
697.000
696.000
701.000
697.000
695.000
698.000
694.000
695.000
695.000
696.000
696.000
699.000
699.000
694.000
695.000
696.000
693.000
694.000
700.000
696.000
697.000
696.000
694.000
700.000
695.000
694.000
697.000
697.000
691.000
696.000
698.000
697.000
696.000
694.000
697.000
700.000
699.000
696.000
695.000
695.000
695.000
696.000
696.000
695.000
697.000
698.000
695.000
697.000
698.000
695.000
696.000
697.000
698.000
694.000
701.000
694.000
696.000
694.000
696.000
695.000
698.000
697.000
692.000
691.000
693.000
694.000
697.000
696.000
696.000
698.000
695.000
698.000
696.000
700.000
698.000
695.000
693.000
696.000
695.000
696.000
700.000
696.000
697.000
697.000
695.000
694.000
698.000
694.000
694.000
694.000
693.000
694.000
695.000
696.000
695.000
695.000
694.000
696.000
700.000
697.000
694.000
698.000
696.000
696.000
695.000
695.000
698.000
694.000
695.000
697.000
697.000
693.000
699.000
696.000
696.000
695.000
699.000
697.000
694.000
694.000
694.000
695.000
694.000
695.000
695.000
698.000
694.000
692.000
697.000
696.000
693.000
701.000
697.000
698.000
698.000
696.000
701.000
695.000
701.000
700.000
699.000
701.000
694.000
700.000
696.000
696.000
697.000
694.000
697.000
699.000
696.000
695.000
696.000
694.000
695.000
700.000
700.000
699.000
707.000
698.000
696.000
700.000
695.000
695.000
701.000
697.000
695.000
697.000
702.000
700.000
696.000
692.000
695.000
702.000
698.000
695.000
696.000
701.000
699.000
700.000
702.000
700.000
699.000
695.000
697.000
698.000
700.000
697.000
698.000
698.000
703.000
699.000
699.000
700.000
701.000
703.000
701.000
703.000
706.000
707.000
710.000
706.000
711.000
710.000
706.000
708.000
701.000
705.000
706.000
706.000
707.000
703.000
704.000
705.000
705.000
710.000
707.000
706.000
707.000
707.000
706.000
709.000
705.000
707.000
713.000
717.000
725.000
729.000
717.000
706.000
701.000
705.000
703.000
703.000
702.000
702.000
705.000
704.000
700.000
700.000
704.000
705.000
703.000
702.000
702.000
699.000
703.000
699.000
703.000
699.000
700.000
699.000
697.000
701.000
698.000
696.000
701.000
703.000
704.000
699.000
700.000
698.000
700.000
697.000
696.000
703.000
697.000
700.000
698.000
698.000
698.000
693.000
701.000
698.000
698.000
695.000
697.000
697.000
697.000
699.000
702.000
698.000
698.000
697.000
697.000
696.000
698.000
697.000
694.000
696.000
697.000
696.000
696.000
698.000
697.000
703.000
696.000
696.000
701.000
696.000
698.000
698.000
699.000
702.000
699.000
696.000
700.000
698.000
700.000
696.000
695.000
699.000
701.000
693.000
700.000
701.000
694.000
697.000
700.000
698.000
697.000
696.000
698.000
691.000
699.000
698.000
692.000
696.000
698.000
693.000
698.000
698.000
699.000
694.000
698.000
698.000
698.000
697.000
694.000
697.000
698.000
697.000
697.000
699.000
694.000
700.000
697.000
697.000
699.000
697.000
696.000
694.000
701.000
698.000
698.000
698.000
700.000
702.000
694.000
696.000
697.000
696.000
697.000
700.000
699.000
697.000
697.000
698.000
699.000
695.000
699.000
701.000
693.000
694.000
696.000
700.000
694.000
696.000
695.000
700.000
698.000
697.000
695.000
698.000
694.000
698.000
698.000
700.000
695.000
700.000
692.000
696.000
696.000
696.000
697.000
696.000
700.000
696.000
695.000
701.000
693.000
702.000
702.000
697.000
702.000
699.000
693.000
694.000
698.000
700.000
698.000
696.000
700.000
704.000
706.000
694.000
697.000
702.000
697.000
698.000
699.000
698.000
706.000
701.000
702.000
701.000
702.000
703.000
697.000
700.000
698.000
699.000
695.000
700.000
701.000
698.000
704.000
700.000
701.000
702.000
703.000
697.000
700.000
703.000
701.000
701.000
703.000
700.000
701.000
701.000
699.000
698.000
700.000
703.000
699.000
699.000
700.000
698.000
697.000
698.000
701.000
702.000
705.000
709.000
700.000
698.000
697.000
702.000
701.000
700.000
698.000
700.000
698.000
699.000
704.000
694.000
701.000
702.000
700.000
700.000
702.000
701.000
700.000
698.000
697.000
695.000
702.000
698.000
699.000
702.000
698.000
702.000
699.000
698.000
700.000
704.000
705.000
702.000
704.000
697.000
700.000
699.000
701.000
700.000
698.000
701.000
701.000
701.000
701.000
700.000
698.000
696.000
695.000
697.000
697.000
697.000
699.000
696.000
694.000
697.000
698.000
698.000
698.000
699.000
700.000
700.000
694.000
700.000
701.000
701.000
697.000
698.000
704.000
697.000
697.000
698.000
698.000
699.000
703.000
701.000
699.000
701.000
699.000
696.000
700.000
699.000
700.000
701.000
700.000
701.000
699.000
697.000
696.000
699.000
700.000
694.000
700.000
700.000
695.000
699.000
698.000
698.000
698.000
697.000
698.000
697.000
703.000
697.000
697.000
695.000
700.000
698.000
697.000
700.000
700.000
700.000
695.000
698.000
700.000
697.000
698.000
695.000
696.000
702.000
702.000
697.000
698.000
700.000
701.000
701.000
703.000
701.000
701.000
698.000
701.000
701.000
708.000
707.000
710.000
714.000
716.000
729.000
743.000
746.000
742.000
739.000
726.000
722.000
712.000
712.000
710.000
709.000
706.000
711.000
710.000
708.000
706.000
709.000
708.000
701.000
705.000
704.000
709.000
708.000
703.000
709.000
705.000
702.000
698.000
705.000
701.000
701.000
702.000
701.000
698.000
695.000
702.000
699.000
702.000
697.000
694.000
702.000
698.000
699.000
699.000
699.000
698.000
696.000
698.000
696.000
693.000
699.000
696.000
700.000
700.000
701.000
697.000
700.000
697.000
699.000
698.000
699.000
701.000
698.000
700.000
696.000
698.000
699.000
694.000
702.000
697.000
697.000
700.000
694.000
703.000
699.000
700.000
696.000
703.000
705.000
699.000
703.000
700.000
701.000
700.000
701.000
700.000
704.000
703.000
699.000
700.000
697.000
700.000
696.000
697.000
703.000
701.000
700.000
696.000
697.000
702.000
698.000
703.000
698.000
700.000
698.000
700.000
700.000
698.000
696.000
696.000
697.000
702.000
700.000
702.000
701.000
700.000
700.000
699.000
700.000
704.000
700.000
701.000
701.000
703.000
702.000
706.000
697.000
699.000
700.000
694.000
697.000
695.000
697.000
698.000
698.000
697.000
700.000
696.000
694.000
698.000
695.000
697.000
698.000
697.000
696.000
701.000
698.000
698.000
699.000
698.000
695.000
701.000
697.000
695.000
693.000
698.000
697.000
702.000
696.000
695.000
694.000
697.000
697.000
701.000
693.000
697.000
699.000
697.000
699.000
693.000
694.000
694.000
696.000
697.000
693.000
698.000
700.000
697.000
699.000
694.000
697.000
690.000
699.000
696.000
698.000
695.000
698.000
699.000
695.000
696.000
698.000
699.000
697.000
701.000
700.000
698.000
695.000
699.000
695.000
697.000
701.000
695.000
695.000
697.000
697.000
695.000
696.000
695.000
699.000
698.000
697.000
699.000
696.000
698.000
695.000
699.000
698.000
698.000
693.000
697.000
697.000
695.000
698.000
697.000
698.000
696.000
697.000
695.000
699.000
696.000
701.000
695.000
699.000
697.000
695.000
701.000
695.000
698.000
699.000
696.000
700.000
697.000
697.000
698.000
699.000
698.000
697.000
697.000
694.000
696.000
698.000
699.000
697.000
696.000
696.000
696.000
702.000
694.000
699.000
699.000
698.000
694.000
698.000
698.000
697.000
696.000
699.000
697.000
696.000
697.000
697.000
696.000
698.000
696.000
695.000
696.000
701.000
699.000
696.000
698.000
698.000
697.000
697.000
698.000
699.000
701.000
696.000
693.000
696.000
695.000
697.000
696.000
696.000
700.000
697.000
697.000
701.000
697.000
696.000
696.000
698.000
695.000
699.000
697.000
694.000
699.000
699.000
695.000
695.000
696.000
693.000
698.000
698.000
697.000
702.000
697.000
700.000
697.000
696.000
697.000
697.000
697.000
700.000
698.000
695.000
695.000
695.000
695.000
695.000
694.000
703.000
692.000
694.000
697.000
693.000
