719.000
697.000
698.000
695.000
695.000
699.000
700.000
702.000
701.000
702.000
701.000
703.000
698.000
703.000
702.000
700.000
702.000
703.000
701.000
699.000
704.000
701.000
704.000
702.000
700.000
705.000
701.000
701.000
701.000
705.000
704.000
702.000
705.000
696.000
704.000
701.000
704.000
704.000
705.000
702.000
709.000
702.000
702.000
699.000
705.000
706.000
702.000
701.000
704.000
700.000
703.000
705.000
703.000
704.000
702.000
703.000
704.000
706.000
702.000
701.000
701.000
701.000
703.000
704.000
706.000
701.000
704.000
705.000
704.000
706.000
706.000
703.000
703.000
702.000
702.000
706.000
704.000
700.000
707.000
701.000
704.000
703.000
704.000
703.000
706.000
705.000
703.000
699.000
705.000
706.000
705.000
705.000
703.000
704.000
711.000
702.000
704.000
703.000
701.000
704.000
705.000
703.000
703.000
704.000
706.000
705.000
701.000
704.000
701.000
703.000
704.000
699.000
703.000
704.000
705.000
708.000
704.000
703.000
702.000
702.000
700.000
706.000
704.000
701.000
706.000
706.000
706.000
704.000
706.000
701.000
705.000
706.000
705.000
700.000
702.000
706.000
703.000
701.000
701.000
716.000
708.000
702.000
703.000
704.000
704.000
703.000
698.000
700.000
708.000
702.000
701.000
702.000
706.000
702.000
703.000
702.000
700.000
703.000
702.000
703.000
703.000
704.000
703.000
704.000
701.000
701.000
702.000
705.000
700.000
703.000
697.000
707.000
705.000
705.000
703.000
707.000
705.000
700.000
702.000
702.000
703.000
702.000
707.000
704.000
705.000
704.000
703.000
699.000
702.000
703.000
704.000
701.000
704.000
704.000
703.000
706.000
703.000
707.000
707.000
704.000
704.000
703.000
701.000
704.000
710.000
704.000
703.000
704.000
707.000
701.000
704.000
700.000
702.000
703.000
703.000
704.000
704.000
700.000
705.000
704.000
703.000
702.000
706.000
699.000
705.000
708.000
707.000
703.000
707.000
703.000
705.000
709.000
705.000
703.000
703.000
710.000
700.000
705.000
702.000
704.000
707.000
707.000
704.000
703.000
701.000
708.000
705.000
708.000
704.000
705.000
708.000
702.000
707.000
706.000
706.000
708.000
705.000
706.000
707.000
705.000
707.000
711.000
704.000
709.000
732.000
707.000
743.000
706.000
703.000
703.000
708.000
707.000
702.000
708.000
707.000
706.000
702.000
708.000
705.000
705.000
708.000
702.000
709.000
708.000
715.000
714.000
714.000
712.000
712.000
714.000
711.000
715.000
713.000
715.000
719.000
715.000
714.000
717.000
717.000
719.000
721.000
730.000
735.000
731.000
737.000
735.000
743.000
755.000
771.000
771.000
769.000
772.000
761.000
761.000
752.000
748.000
749.000
741.000
748.000
745.000
747.000
751.000
754.000
746.000
749.000
749.000
746.000
746.000
746.000
745.000
744.000
752.000
763.000
827.000
851.000
840.000
778.000
751.000
747.000
743.000
741.000
746.000
735.000
742.000
742.000
734.000
736.000
735.000
734.000
731.000
727.000
725.000
727.000
725.000
734.000
722.000
726.000
727.000
726.000
719.000
723.000
719.000
723.000
716.000
716.000
715.000
711.000
714.000
714.000
721.000
717.000
710.000
717.000
710.000
713.000
709.000
714.000
716.000
714.000
710.000
712.000
704.000
708.000
717.000
711.000
710.000
714.000
712.000
712.000
712.000
708.000
709.000
711.000
712.000
717.000
710.000
707.000
711.000
713.000
706.000
710.000
709.000
708.000
706.000
708.000
714.000
710.000
709.000
705.000
714.000
706.000
704.000
712.000
709.000
713.000
709.000
706.000
711.000
707.000
707.000
710.000
712.000
707.000
711.000
708.000
709.000
707.000
714.000
708.000
704.000
711.000
710.000
711.000
709.000
713.000
709.000
706.000
713.000
716.000
705.000
710.000
710.000
706.000
708.000
703.000
708.000
703.000
708.000
708.000
714.000
708.000
709.000
708.000
707.000
716.000
708.000
713.000
709.000
708.000
709.000
714.000
711.000
709.000
710.000
710.000
714.000
712.000
711.000
707.000
713.000
711.000
709.000
706.000
706.000
707.000
706.000
715.000
710.000
710.000
716.000
708.000
708.000
708.000
713.000
708.000
709.000
706.000
709.000
710.000
707.000
707.000
710.000
709.000
709.000
709.000
709.000
708.000
708.000
714.000
712.000
708.000
707.000
714.000
712.000
714.000
709.000
709.000
715.000
715.000
723.000
744.000
721.000
711.000
713.000
710.000
713.000
717.000
713.000
711.000
713.000
715.000
724.000
745.000
719.000
715.000
715.000
718.000
717.000
716.000
721.000
723.000
716.000
719.000
713.000
716.000
715.000
716.000
723.000
713.000
722.000
722.000
726.000
725.000
724.000
722.000
720.000
725.000
720.000
724.000
724.000
723.000
717.000
723.000
725.000
728.000
725.000
725.000
723.000
722.000
722.000
718.000
724.000
723.000
722.000
716.000
716.000
724.000
723.000
729.000
741.000
741.000
736.000
729.000
724.000
722.000
715.000
720.000
720.000
717.000
717.000
714.000
713.000
712.000
716.000
714.000
717.000
715.000
714.000
712.000
714.000
715.000
721.000
717.000
717.000
713.000
716.000
715.000
717.000
719.000
720.000
724.000
724.000
728.000
726.000
731.000
726.000
733.000
725.000
722.000
717.000
723.000
720.000
718.000
712.000
719.000
717.000
719.000
717.000
713.000
712.000
715.000
713.000
714.000
718.000
717.000
718.000
715.000
715.000
714.000
714.000
712.000
711.000
716.000
719.000
716.000
712.000
714.000
721.000
719.000
719.000
717.000
725.000
723.000
721.000
725.000
716.000
723.000
713.000
714.000
715.000
714.000
713.000
715.000
711.000
715.000
714.000
713.000
717.000
710.000
712.000
714.000
716.000
710.000
711.000
713.000
716.000
710.000
714.000
717.000
715.000
714.000
714.000
712.000
718.000
744.000
715.000
716.000
712.000
711.000
716.000
717.000
714.000
711.000
710.000
713.000
715.000
717.000
718.000
716.000
718.000
711.000
724.000
715.000
715.000
716.000
716.000
722.000
727.000
725.000
727.000
728.000
730.000
733.000
734.000
742.000
753.000
766.000
776.000
804.000
856.000
900.000
946.000
929.000
893.000
857.000
820.000
802.000
781.000
769.000
766.000
768.000
760.000
761.000
760.000
750.000
753.000
751.000
746.000
747.000
757.000
746.000
751.000
746.000
740.000
745.000
738.000
736.000
735.000
731.000
728.000
723.000
729.000
723.000
720.000
727.000
718.000
719.000
717.000
718.000
718.000
720.000
714.000
720.000
716.000
721.000
713.000
718.000
716.000
717.000
714.000
712.000
714.000
717.000
716.000
716.000
722.000
717.000
721.000
718.000
720.000
723.000
719.000
720.000
717.000
716.000
719.000
718.000
720.000
719.000
716.000
721.000
724.000
717.000
721.000
721.000
719.000
724.000
717.000
719.000
723.000
719.000
718.000
721.000
719.000
721.000
721.000
716.000
723.000
718.000
719.000
719.000
721.000
718.000
720.000
724.000
717.000
715.000
723.000
714.000
719.000
713.000
720.000
717.000
715.000
721.000
714.000
714.000
720.000
719.000
717.000
720.000
716.000
715.000
725.000
720.000
722.000
721.000
722.000
726.000
735.000
730.000
735.000
728.000
726.000
728.000
719.000
718.000
715.000
712.000
710.000
709.000
714.000
710.000
708.000
709.000
707.000
715.000
711.000
711.000
710.000
710.000
709.000
706.000
715.000
709.000
710.000
707.000
711.000
705.000
712.000
708.000
711.000
711.000
708.000
706.000
703.000
706.000
708.000
706.000
707.000
706.000
704.000
708.000
706.000
708.000
707.000
706.000
704.000
712.000
711.000
703.000
708.000
708.000
702.000
704.000
710.000
707.000
712.000
711.000
711.000
705.000
703.000
709.000
703.000
705.000
707.000
707.000
705.000
708.000
710.000
711.000
707.000
706.000
707.000
707.000
706.000
709.000
709.000
707.000
712.000
711.000
710.000
709.000
708.000
709.000
706.000
707.000
710.000
709.000
709.000
710.000
709.000
708.000
707.000
708.000
706.000
706.000
714.000
706.000
710.000
713.000
709.000
709.000
707.000
712.000
707.000
711.000
708.000
711.000
710.000
705.000
708.000
713.000
709.000
707.000
708.000
711.000
711.000
715.000
714.000
714.000
712.000
713.000
712.000
711.000
710.000
710.000
706.000
708.000
708.000
708.000
703.000
716.000
712.000
706.000
709.000
712.000
709.000
713.000
704.000
707.000
709.000
710.000
712.000
705.000
708.000
712.000
709.000
708.000
710.000
705.000
706.000
708.000
706.000
708.000
707.000
712.000
706.000
705.000
703.000
703.000
704.000
706.000
708.000
704.000
707.000
708.000
710.000
713.000
707.000
705.000
707.000
707.000
706.000
708.000
702.000
706.000
705.000
708.000
708.000
706.000
704.000
702.000
707.000
702.000
704.000
704.000
708.000
703.000
710.000
710.000
706.000
706.000
703.000
715.000
710.000
709.000
708.000
707.000
705.000
704.000
706.000
705.000
706.000
704.000
705.000
704.000
707.000
706.000
700.000
694.000
694.000
693.000
693.000
