716.000
696.000
695.000
689.000
694.000
699.000
698.000
703.000
702.000
700.000
702.000
705.000
698.000
697.000
698.000
704.000
701.000
701.000
701.000
699.000
701.000
697.000
698.000
702.000
700.000
695.000
705.000
701.000
701.000
700.000
701.000
707.000
705.000
702.000
707.000
701.000
705.000
704.000
702.000
703.000
702.000
707.000
702.000
707.000
701.000
704.000
703.000
698.000
704.000
701.000
703.000
700.000
697.000
703.000
701.000
703.000
700.000
704.000
703.000
700.000
706.000
703.000
702.000
705.000
705.000
705.000
704.000
705.000
701.000
704.000
702.000
702.000
701.000
706.000
703.000
706.000
705.000
704.000
704.000
703.000
706.000
706.000
705.000
702.000
700.000
706.000
704.000
705.000
705.000
703.000
706.000
705.000
703.000
702.000
709.000
702.000
700.000
704.000
698.000
702.000
704.000
699.000
706.000
707.000
707.000
701.000
703.000
702.000
704.000
704.000
707.000
699.000
703.000
701.000
704.000
708.000
705.000
703.000
704.000
701.000
704.000
702.000
702.000
704.000
702.000
705.000
707.000
703.000
703.000
701.000
706.000
704.000
705.000
702.000
704.000
702.000
704.000
704.000
700.000
716.000
703.000
705.000
701.000
703.000
702.000
701.000
702.000
705.000
705.000
705.000
701.000
702.000
705.000
703.000
701.000
700.000
705.000
702.000
704.000
702.000
705.000
701.000
703.000
706.000
701.000
703.000
697.000
705.000
707.000
702.000
705.000
705.000
703.000
700.000
702.000
708.000
704.000
702.000
705.000
703.000
702.000
704.000
702.000
703.000
706.000
698.000
703.000
698.000
699.000
702.000
707.000
703.000
699.000
705.000
707.000
701.000
704.000
703.000
702.000
706.000
708.000
702.000
707.000
701.000
707.000
705.000
706.000
707.000
704.000
704.000
705.000
704.000
699.000
707.000
705.000
702.000
704.000
702.000
704.000
703.000
709.000
701.000
701.000
704.000
704.000
708.000
708.000
703.000
709.000
704.000
703.000
703.000
706.000
706.000
700.000
708.000
704.000
704.000
705.000
702.000
705.000
706.000
707.000
705.000
706.000
704.000
709.000
703.000
704.000
702.000
699.000
705.000
709.000
706.000
703.000
704.000
705.000
705.000
703.000
704.000
702.000
708.000
707.000
710.000
727.000
707.000
746.000
703.000
705.000
704.000
707.000
706.000
707.000
707.000
706.000
707.000
703.000
706.000
705.000
708.000
708.000
708.000
707.000
713.000
711.000
706.000
709.000
709.000
713.000
715.000
713.000
711.000
718.000
715.000
714.000
717.000
715.000
719.000
719.000
721.000
727.000
731.000
727.000
735.000
740.000
743.000
753.000
759.000
771.000
772.000
775.000
781.000
766.000
764.000
761.000
746.000
746.000
749.000
747.000
747.000
749.000
756.000
747.000
751.000
751.000
763.000
757.000
757.000
757.000
744.000
745.000
755.000
769.000
833.000
858.000
847.000
793.000
754.000
746.000
753.000
741.000
747.000
748.000
749.000
740.000
736.000
735.000
737.000
737.000
738.000
732.000
728.000
724.000
726.000
731.000
722.000
728.000
725.000
726.000
720.000
721.000
724.000
720.000
723.000
722.000
717.000
715.000
721.000
721.000
714.000
717.000
715.000
712.000
711.000
716.000
716.000
716.000
712.000
710.000
713.000
715.000
712.000
713.000
711.000
712.000
708.000
709.000
711.000
713.000
709.000
714.000
707.000
709.000
712.000
721.000
712.000
710.000
708.000
711.000
709.000
709.000
711.000
710.000
713.000
709.000
710.000
709.000
706.000
712.000
713.000
712.000
708.000
713.000
707.000
711.000
713.000
711.000
710.000
710.000
712.000
709.000
709.000
703.000
707.000
709.000
707.000
706.000
710.000
712.000
707.000
711.000
707.000
709.000
708.000
712.000
708.000
706.000
710.000
710.000
710.000
710.000
711.000
710.000
710.000
708.000
710.000
708.000
709.000
709.000
706.000
710.000
712.000
709.000
708.000
713.000
708.000
715.000
711.000
710.000
709.000
714.000
708.000
710.000
711.000
714.000
710.000
712.000
711.000
711.000
704.000
712.000
713.000
713.000
709.000
706.000
705.000
707.000
715.000
710.000
715.000
711.000
711.000
709.000
710.000
708.000
712.000
711.000
711.000
714.000
707.000
712.000
712.000
717.000
713.000
710.000
714.000
711.000
709.000
709.000
712.000
709.000
708.000
709.000
714.000
715.000
712.000
708.000
709.000
712.000
731.000
742.000
720.000
714.000
714.000
713.000
715.000
715.000
717.000
713.000
715.000
717.000
729.000
745.000
728.000
717.000
717.000
711.000
714.000
719.000
727.000
729.000
721.000
716.000
721.000
713.000
716.000
720.000
719.000
719.000
721.000
728.000
723.000
728.000
724.000
726.000
732.000
727.000
728.000
726.000
728.000
724.000
724.000
724.000
724.000
728.000
722.000
727.000
723.000
726.000
725.000
719.000
719.000
723.000
716.000
719.000
723.000
719.000
727.000
731.000
745.000
747.000
740.000
736.000
727.000
726.000
720.000
724.000
719.000
716.000
712.000
718.000
718.000
719.000
718.000
717.000
719.000
714.000
718.000
721.000
718.000
719.000
714.000
720.000
721.000
719.000
716.000
718.000
720.000
720.000
727.000
722.000
723.000
730.000
732.000
737.000
733.000
731.000
723.000
724.000
719.000
723.000
715.000
718.000
721.000
714.000
717.000
714.000
712.000
720.000
715.000
710.000
717.000
713.000
708.000
712.000
714.000
714.000
714.000
714.000
716.000
714.000
714.000
715.000
719.000
718.000
715.000
718.000
721.000
718.000
722.000
720.000
719.000
728.000
728.000
719.000
718.000
719.000
716.000
720.000
716.000
716.000
720.000
711.000
713.000
713.000
712.000
714.000
719.000
710.000
713.000
708.000
716.000
706.000
709.000
714.000
714.000
710.000
713.000
714.000
712.000
713.000
717.000
711.000
713.000
753.000
713.000
715.000
718.000
713.000
716.000
713.000
710.000
717.000
715.000
712.000
717.000
713.000
716.000
713.000
721.000
718.000
727.000
717.000
712.000
718.000
717.000
721.000
720.000
724.000
723.000
730.000
734.000
738.000
745.000
749.000
755.000
764.000
792.000
812.000
862.000
916.000
961.000
948.000
904.000
872.000
836.000
804.000
788.000
776.000
767.000
773.000
766.000
771.000
765.000
762.000
754.000
759.000
753.000
751.000
754.000
750.000
752.000
752.000
744.000
745.000
741.000
739.000
734.000
736.000
728.000
733.000
726.000
726.000
725.000
720.000
723.000
724.000
714.000
717.000
712.000
718.000
719.000
713.000
715.000
715.000
717.000
716.000
716.000
713.000
718.000
716.000
718.000
715.000
717.000
716.000
720.000
715.000
721.000
720.000
723.000
724.000
715.000
722.000
723.000
719.000
716.000
716.000
715.000
717.000
714.000
717.000
719.000
719.000
726.000
720.000
717.000
725.000
722.000
724.000
719.000
723.000
718.000
722.000
713.000
717.000
721.000
722.000
725.000
721.000
720.000
716.000
718.000
721.000
717.000
725.000
721.000
719.000
720.000
714.000
721.000
718.000
718.000
721.000
718.000
720.000
719.000
717.000
716.000
717.000
722.000
718.000
718.000
720.000
726.000
716.000
722.000
719.000
728.000
735.000
738.000
735.000
738.000
729.000
724.000
732.000
722.000
713.000
712.000
716.000
713.000
712.000
711.000
707.000
709.000
714.000
709.000
708.000
713.000
711.000
712.000
713.000
706.000
709.000
712.000
709.000
706.000
706.000
708.000
706.000
712.000
709.000
711.000
709.000
708.000
707.000
706.000
703.000
708.000
712.000
707.000
706.000
709.000
707.000
707.000
710.000
702.000
707.000
711.000
707.000
712.000
704.000
709.000
707.000
706.000
706.000
707.000
706.000
711.000
713.000
705.000
706.000
703.000
705.000
711.000
704.000
710.000
706.000
705.000
704.000
703.000
703.000
710.000
709.000
712.000
710.000
711.000
712.000
708.000
706.000
718.000
713.000
704.000
709.000
708.000
709.000
707.000
707.000
709.000
710.000
710.000
706.000
710.000
708.000
711.000
705.000
705.000
712.000
710.000
711.000
709.000
707.000
707.000
712.000
706.000
711.000
706.000
706.000
709.000
715.000
706.000
706.000
709.000
704.000
709.000
707.000
709.000
710.000
717.000
712.000
719.000
715.000
712.000
714.000
714.000
711.000
713.000
711.000
712.000
710.000
703.000
707.000
705.000
710.000
712.000
706.000
711.000
710.000
707.000
706.000
708.000
709.000
709.000
707.000
713.000
704.000
712.000
709.000
708.000
709.000
709.000
704.000
708.000
703.000
706.000
710.000
705.000
712.000
705.000
709.000
702.000
711.000
710.000
708.000
712.000
709.000
708.000
711.000
709.000
712.000
711.000
705.000
702.000
706.000
710.000
707.000
711.000
702.000
702.000
706.000
705.000
702.000
704.000
705.000
708.000
706.000
705.000
703.000
710.000
707.000
702.000
706.000
706.000
711.000
706.000
712.000
709.000
708.000
705.000
704.000
708.000
709.000
705.000
706.000
707.000
707.000
703.000
702.000
707.000
700.000
703.000
693.000
693.000
693.000
695.000
