717.000
699.000
694.000
689.000
693.000
694.000
696.000
698.000
700.000
703.000
699.000
703.000
701.000
699.000
700.000
696.000
699.000
698.000
697.000
698.000
697.000
699.000
702.000
699.000
699.000
698.000
696.000
701.000
701.000
702.000
703.000
698.000
702.000
699.000
702.000
701.000
700.000
703.000
700.000
700.000
705.000
697.000
707.000
701.000
701.000
702.000
704.000
704.000
700.000
705.000
698.000
701.000
700.000
704.000
701.000
701.000
703.000
701.000
701.000
698.000
700.000
702.000
706.000
697.000
698.000
700.000
699.000
705.000
701.000
702.000
706.000
699.000
701.000
697.000
698.000
705.000
702.000
701.000
702.000
699.000
699.000
701.000
700.000
697.000
699.000
702.000
699.000
698.000
701.000
700.000
704.000
705.000
698.000
700.000
700.000
702.000
697.000
703.000
698.000
700.000
700.000
700.000
703.000
700.000
700.000
702.000
699.000
702.000
696.000
698.000
702.000
704.000
701.000
697.000
704.000
695.000
701.000
702.000
699.000
700.000
704.000
701.000
701.000
699.000
701.000
698.000
703.000
702.000
702.000
702.000
704.000
704.000
697.000
697.000
702.000
701.000
696.000
706.000
699.000
703.000
701.000
703.000
700.000
702.000
700.000
701.000
699.000
699.000
702.000
700.000
701.000
700.000
701.000
700.000
702.000
699.000
699.000
700.000
696.000
699.000
703.000
701.000
699.000
698.000
700.000
699.000
704.000
702.000
701.000
701.000
702.000
701.000
702.000
700.000
704.000
698.000
702.000
701.000
699.000
703.000
702.000
700.000
702.000
703.000
698.000
705.000
697.000
699.000
698.000
699.000
699.000
700.000
698.000
705.000
702.000
701.000
699.000
702.000
703.000
700.000
703.000
701.000
701.000
697.000
705.000
701.000
701.000
703.000
702.000
702.000
703.000
701.000
703.000
698.000
704.000
702.000
705.000
699.000
701.000
700.000
708.000
702.000
700.000
702.000
702.000
700.000
702.000
702.000
704.000
702.000
703.000
701.000
701.000
700.000
701.000
701.000
700.000
700.000
701.000
702.000
702.000
699.000
702.000
706.000
703.000
704.000
700.000
701.000
702.000
705.000
703.000
700.000
705.000
706.000
700.000
704.000
703.000
702.000
702.000
702.000
701.000
704.000
702.000
708.000
725.000
705.000
739.000
701.000
700.000
702.000
708.000
703.000
706.000
702.000
699.000
703.000
703.000
701.000
703.000
703.000
701.000
701.000
709.000
707.000
707.000
706.000
711.000
709.000
709.000
715.000
714.000
710.000
709.000
710.000
717.000
708.000
713.000
714.000
719.000
717.000
720.000
725.000
730.000
729.000
733.000
741.000
748.000
756.000
767.000
778.000
773.000
768.000
762.000
761.000
757.000
755.000
745.000
743.000
748.000
742.000
740.000
744.000
745.000
743.000
749.000
751.000
752.000
750.000
750.000
746.000
753.000
746.000
761.000
822.000
852.000
839.000
788.000
755.000
738.000
739.000
737.000
741.000
738.000
733.000
738.000
732.000
732.000
734.000
728.000
731.000
730.000
731.000
723.000
722.000
731.000
721.000
724.000
724.000
721.000
722.000
720.000
718.000
717.000
717.000
713.000
715.000
713.000
719.000
720.000
714.000
713.000
712.000
710.000
707.000
717.000
712.000
711.000
714.000
709.000
709.000
711.000
706.000
715.000
709.000
704.000
710.000
709.000
711.000
708.000
704.000
703.000
708.000
706.000
706.000
717.000
709.000
707.000
706.000
708.000
704.000
706.000
704.000
705.000
705.000
705.000
709.000
707.000
709.000
707.000
708.000
707.000
705.000
712.000
709.000
709.000
713.000
711.000
704.000
706.000
709.000
705.000
703.000
703.000
710.000
708.000
703.000
706.000
709.000
703.000
704.000
706.000
710.000
706.000
708.000
704.000
710.000
706.000
707.000
706.000
699.000
706.000
707.000
709.000
704.000
710.000
704.000
703.000
708.000
709.000
708.000
707.000
704.000
705.000
710.000
708.000
705.000
704.000
709.000
707.000
705.000
711.000
709.000
710.000
706.000
705.000
705.000
708.000
705.000
703.000
705.000
707.000
705.000
707.000
706.000
706.000
708.000
709.000
707.000
705.000
710.000
709.000
705.000
712.000
706.000
706.000
705.000
705.000
707.000
707.000
706.000
705.000
707.000
710.000
708.000
708.000
706.000
709.000
708.000
705.000
708.000
704.000
705.000
705.000
706.000
712.000
709.000
706.000
710.000
710.000
732.000
742.000
719.000
712.000
715.000
711.000
712.000
711.000
712.000
711.000
711.000
714.000
723.000
737.000
726.000
716.000
708.000
712.000
712.000
717.000
720.000
724.000
715.000
711.000
717.000
712.000
721.000
715.000
716.000
716.000
719.000
732.000
722.000
721.000
723.000
723.000
721.000
725.000
722.000
723.000
723.000
717.000
718.000
724.000
725.000
720.000
714.000
718.000
726.000
720.000
723.000
712.000
726.000
716.000
718.000
718.000
714.000
721.000
724.000
727.000
746.000
734.000
741.000
728.000
722.000
718.000
716.000
714.000
716.000
716.000
715.000
712.000
711.000
717.000
712.000
717.000
722.000
712.000
713.000
715.000
719.000
717.000
711.000
716.000
716.000
714.000
720.000
716.000
715.000
719.000
720.000
723.000
723.000
730.000
727.000
733.000
729.000
735.000
723.000
719.000
720.000
719.000
715.000
718.000
715.000
712.000
710.000
715.000
712.000
712.000
710.000
710.000
714.000
712.000
713.000
716.000
713.000
716.000
714.000
710.000
715.000
709.000
709.000
713.000
713.000
712.000
716.000
714.000
717.000
723.000
715.000
712.000
718.000
716.000
720.000
719.000
711.000
713.000
718.000
713.000
714.000
709.000
710.000
709.000
713.000
709.000
711.000
709.000
711.000
708.000
706.000
709.000
710.000
712.000
710.000
712.000
713.000
710.000
712.000
711.000
711.000
710.000
709.000
712.000
714.000
746.000
713.000
712.000
707.000
712.000
712.000
710.000
710.000
714.000
708.000
705.000
719.000
713.000
714.000
714.000
720.000
716.000
723.000
712.000
718.000
715.000
714.000
714.000
720.000
720.000
721.000
727.000
726.000
733.000
740.000
735.000
748.000
760.000
787.000
809.000
859.000
914.000
954.000
944.000
901.000
854.000
822.000
796.000
775.000
772.000
764.000
769.000
760.000
762.000
755.000
755.000
752.000
751.000
756.000
748.000
746.000
751.000
752.000
747.000
740.000
743.000
738.000
734.000
730.000
729.000
723.000
725.000
724.000
722.000
721.000
712.000
717.000
719.000
718.000
716.000
714.000
714.000
715.000
713.000
714.000
711.000
714.000
714.000
712.000
711.000
717.000
715.000
716.000
717.000
715.000
714.000
717.000
713.000
719.000
713.000
716.000
724.000
715.000
718.000
719.000
718.000
721.000
717.000
717.000
713.000
719.000
714.000
717.000
711.000
721.000
718.000
717.000
712.000
715.000
714.000
713.000
720.000
719.000
716.000
719.000
719.000
718.000
716.000
720.000
724.000
718.000
720.000
718.000
717.000
712.000
715.000
716.000
721.000
714.000
720.000
714.000
715.000
716.000
716.000
710.000
716.000
712.000
718.000
716.000
715.000
715.000
715.000
714.000
717.000
721.000
717.000
718.000
722.000
726.000
725.000
727.000
731.000
736.000
733.000
727.000
727.000
719.000
716.000
711.000
709.000
711.000
706.000
711.000
703.000
713.000
707.000
707.000
707.000
708.000
706.000
704.000
712.000
706.000
705.000
707.000
703.000
710.000
707.000
706.000
706.000
707.000
710.000
705.000
705.000
707.000
707.000
701.000
705.000
706.000
695.000
705.000
708.000
706.000
707.000
707.000
700.000
708.000
708.000
704.000
707.000
705.000
702.000
701.000
703.000
702.000
705.000
711.000
704.000
708.000
708.000
703.000
709.000
700.000
707.000
704.000
705.000
710.000
704.000
704.000
704.000
709.000
705.000
705.000
704.000
703.000
706.000
708.000
711.000
707.000
708.000
707.000
709.000
710.000
703.000
710.000
704.000
705.000
706.000
707.000
705.000
709.000
707.000
702.000
707.000
704.000
702.000
705.000
703.000
706.000
704.000
711.000
708.000
706.000
709.000
707.000
706.000
704.000
710.000
704.000
708.000
707.000
706.000
707.000
706.000
709.000
703.000
705.000
707.000
705.000
707.000
709.000
710.000
712.000
717.000
711.000
710.000
704.000
707.000
708.000
705.000
705.000
708.000
710.000
703.000
702.000
707.000
710.000
714.000
710.000
710.000
707.000
708.000
702.000
705.000
706.000
701.000
702.000
702.000
706.000
706.000
701.000
704.000
705.000
704.000
705.000
701.000
709.000
703.000
705.000
710.000
702.000
705.000
706.000
708.000
705.000
709.000
708.000
705.000
702.000
709.000
709.000
704.000
700.000
707.000
701.000
701.000
701.000
699.000
707.000
705.000
703.000
708.000
701.000
702.000
705.000
701.000
708.000
702.000
701.000
703.000
705.000
698.000
703.000
702.000
706.000
706.000
703.000
706.000
705.000
705.000
705.000
704.000
707.000
710.000
705.000
701.000
700.000
700.000
703.000
700.000
699.000
694.000
693.000
693.000
692.000
