715.000
700.000
693.000
693.000
694.000
700.000
702.000
704.000
702.000
697.000
698.000
699.000
701.000
695.000
699.000
700.000
701.000
699.000
700.000
699.000
700.000
699.000
701.000
699.000
698.000
698.000
702.000
699.000
700.000
699.000
704.000
701.000
702.000
701.000
703.000
698.000
706.000
702.000
701.000
699.000
701.000
699.000
704.000
699.000
700.000
704.000
702.000
700.000
703.000
700.000
706.000
706.000
701.000
701.000
698.000
703.000
699.000
700.000
695.000
695.000
700.000
705.000
701.000
701.000
700.000
700.000
700.000
700.000
698.000
698.000
702.000
701.000
699.000
701.000
700.000
703.000
701.000
701.000
704.000
704.000
699.000
701.000
700.000
699.000
707.000
697.000
699.000
700.000
699.000
705.000
703.000
703.000
698.000
701.000
702.000
702.000
699.000
704.000
702.000
700.000
703.000
702.000
705.000
694.000
702.000
701.000
700.000
704.000
702.000
699.000
701.000
696.000
702.000
699.000
699.000
702.000
703.000
699.000
696.000
698.000
698.000
699.000
700.000
704.000
699.000
704.000
699.000
701.000
701.000
701.000
708.000
700.000
699.000
702.000
698.000
703.000
701.000
700.000
698.000
713.000
696.000
700.000
699.000
705.000
700.000
703.000
700.000
697.000
703.000
699.000
701.000
702.000
699.000
700.000
699.000
703.000
701.000
697.000
699.000
703.000
701.000
699.000
698.000
705.000
702.000
701.000
699.000
700.000
703.000
697.000
698.000
702.000
699.000
704.000
704.000
701.000
701.000
702.000
698.000
698.000
701.000
699.000
702.000
702.000
701.000
705.000
698.000
701.000
701.000
698.000
699.000
699.000
705.000
701.000
702.000
700.000
702.000
701.000
702.000
700.000
707.000
699.000
705.000
698.000
701.000
702.000
703.000
703.000
704.000
702.000
701.000
701.000
695.000
700.000
702.000
701.000
703.000
703.000
699.000
700.000
702.000
699.000
702.000
703.000
699.000
707.000
705.000
696.000
702.000
702.000
703.000
704.000
700.000
700.000
702.000
700.000
699.000
703.000
701.000
706.000
704.000
700.000
701.000
701.000
701.000
706.000
702.000
702.000
706.000
704.000
699.000
703.000
705.000
705.000
700.000
705.000
703.000
698.000
704.000
704.000
699.000
702.000
704.000
702.000
716.000
703.000
742.000
704.000
704.000
709.000
702.000
701.000
701.000
704.000
703.000
705.000
703.000
706.000
704.000
707.000
707.000
705.000
703.000
705.000
705.000
708.000
710.000
712.000
708.000
712.000
709.000
710.000
712.000
709.000
713.000
712.000
714.000
713.000
717.000
715.000
729.000
725.000
723.000
728.000
732.000
739.000
743.000
760.000
767.000
772.000
770.000
766.000
762.000
755.000
755.000
750.000
752.000
746.000
747.000
749.000
750.000
753.000
748.000
744.000
749.000
753.000
751.000
755.000
745.000
749.000
750.000
751.000
768.000
831.000
853.000
841.000
790.000
748.000
753.000
742.000
743.000
740.000
740.000
736.000
738.000
743.000
737.000
734.000
735.000
732.000
735.000
730.000
730.000
723.000
730.000
727.000
722.000
727.000
725.000
716.000
718.000
717.000
717.000
721.000
720.000
716.000
716.000
712.000
719.000
715.000
709.000
712.000
715.000
712.000
712.000
715.000
713.000
715.000
710.000
712.000
712.000
712.000
707.000
706.000
709.000
708.000
711.000
711.000
706.000
705.000
704.000
710.000
703.000
710.000
719.000
706.000
708.000
702.000
708.000
706.000
709.000
709.000
710.000
706.000
706.000
709.000
703.000
709.000
710.000
711.000
707.000
708.000
711.000
704.000
706.000
707.000
705.000
707.000
709.000
709.000
706.000
707.000
702.000
704.000
706.000
709.000
705.000
714.000
710.000
701.000
708.000
705.000
707.000
710.000
708.000
704.000
704.000
705.000
710.000
704.000
707.000
709.000
706.000
703.000
704.000
703.000
704.000
707.000
705.000
707.000
707.000
702.000
703.000
708.000
712.000
708.000
709.000
711.000
709.000
710.000
713.000
706.000
704.000
709.000
706.000
707.000
711.000
708.000
705.000
711.000
705.000
705.000
706.000
707.000
703.000
707.000
709.000
711.000
704.000
708.000
711.000
700.000
711.000
709.000
712.000
706.000
707.000
708.000
706.000
708.000
709.000
709.000
706.000
709.000
711.000
706.000
710.000
707.000
706.000
706.000
708.000
706.000
709.000
711.000
713.000
711.000
708.000
710.000
713.000
727.000
736.000
717.000
711.000
708.000
712.000
714.000
707.000
712.000
708.000
715.000
709.000
728.000
746.000
722.000
714.000
711.000
711.000
716.000
716.000
729.000
726.000
723.000
712.000
716.000
717.000
713.000
713.000
720.000
721.000
722.000
727.000
723.000
723.000
725.000
725.000
722.000
721.000
720.000
724.000
723.000
724.000
723.000
717.000
722.000
723.000
720.000
723.000
719.000
722.000
719.000
720.000
725.000
721.000
717.000
723.000
718.000
719.000
721.000
726.000
740.000
748.000
741.000
725.000
730.000
721.000
722.000
718.000
719.000
715.000
719.000
720.000
715.000
710.000
714.000
715.000
720.000
720.000
716.000
718.000
717.000
716.000
713.000
715.000
719.000
717.000
722.000
719.000
713.000
722.000
723.000
720.000
725.000
728.000
729.000
732.000
733.000
727.000
724.000
719.000
717.000
720.000
714.000
717.000
713.000
715.000
716.000
714.000
715.000
712.000
712.000
714.000
716.000
712.000
716.000
715.000
718.000
711.000
711.000
712.000
712.000
715.000
716.000
709.000
713.000
716.000
716.000
718.000
719.000
716.000
722.000
725.000
721.000
725.000
725.000
718.000
721.000
714.000
717.000
715.000
711.000
712.000
714.000
708.000
713.000
712.000
712.000
714.000
716.000
712.000
713.000
709.000
709.000
708.000
708.000
708.000
716.000
708.000
710.000
713.000
715.000
708.000
714.000
711.000
714.000
743.000
711.000
711.000
711.000
711.000
710.000
712.000
711.000
710.000
712.000
712.000
715.000
716.000
712.000
714.000
718.000
719.000
722.000
714.000
714.000
716.000
717.000
719.000
725.000
725.000
723.000
725.000
729.000
731.000
737.000
743.000
751.000
768.000
779.000
812.000
855.000
925.000
970.000
957.000
910.000
866.000
817.000
800.000
778.000
773.000
771.000
765.000
763.000
759.000
754.000
753.000
750.000
748.000
749.000
750.000
753.000
745.000
745.000
751.000
743.000
737.000
735.000
736.000
730.000
730.000
727.000
727.000
728.000
723.000
724.000
722.000
720.000
720.000
716.000
719.000
721.000
718.000
718.000
719.000
715.000
714.000
714.000
719.000
715.000
715.000
716.000
720.000
715.000
714.000
713.000
712.000
715.000
717.000
714.000
716.000
715.000
718.000
718.000
715.000
720.000
718.000
712.000
717.000
715.000
720.000
717.000
715.000
723.000
717.000
721.000
719.000
714.000
719.000
721.000
717.000
720.000
718.000
715.000
721.000
717.000
717.000
713.000
721.000
720.000
718.000
718.000
722.000
717.000
721.000
722.000
716.000
719.000
723.000
716.000
719.000
719.000
716.000
718.000
723.000
718.000
719.000
717.000
715.000
714.000
712.000
711.000
717.000
711.000
714.000
715.000
714.000
716.000
725.000
722.000
727.000
726.000
733.000
737.000
737.000
723.000
721.000
721.000
712.000
713.000
713.000
709.000
711.000
713.000
713.000
708.000
713.000
709.000
710.000
709.000
708.000
706.000
707.000
709.000
710.000
710.000
707.000
710.000
702.000
707.000
708.000
708.000
703.000
708.000
704.000
707.000
704.000
703.000
707.000
701.000
706.000
706.000
708.000
704.000
705.000
706.000
708.000
701.000
700.000
708.000
705.000
709.000
704.000
706.000
711.000
704.000
704.000
709.000
705.000
711.000
710.000
701.000
708.000
704.000
707.000
703.000
710.000
704.000
705.000
706.000
707.000
705.000
707.000
705.000
706.000
701.000
704.000
708.000
706.000
711.000
706.000
709.000
713.000
710.000
703.000
700.000
702.000
705.000
704.000
710.000
704.000
709.000
709.000
709.000
704.000
705.000
706.000
705.000
705.000
709.000
707.000
710.000
702.000
706.000
704.000
703.000
710.000
702.000
710.000
701.000
707.000
703.000
707.000
706.000
703.000
705.000
709.000
705.000
708.000
708.000
712.000
712.000
708.000
714.000
713.000
707.000
713.000
709.000
706.000
707.000
707.000
706.000
706.000
705.000
708.000
706.000
706.000
709.000
710.000
707.000
707.000
705.000
707.000
708.000
706.000
707.000
707.000
705.000
705.000
706.000
703.000
702.000
705.000
706.000
706.000
706.000
706.000
704.000
704.000
707.000
707.000
703.000
708.000
703.000
705.000
704.000
707.000
704.000
704.000
703.000
704.000
704.000
705.000
707.000
707.000
707.000
705.000
702.000
700.000
704.000
702.000
704.000
703.000
704.000
702.000
702.000
704.000
703.000
701.000
708.000
704.000
702.000
708.000
703.000
703.000
702.000
707.000
707.000
702.000
705.000
703.000
709.000
703.000
709.000
708.000
699.000
704.000
705.000
703.000
698.000
701.000
702.000
692.000
693.000
690.000
693.000
