717.000
698.000
692.000
689.000
712.000
707.000
720.000
714.000
721.000
716.000
716.000
731.000
722.000
715.000
721.000
722.000
722.000
726.000
720.000
718.000
721.000
725.000
729.000
719.000
718.000
716.000
725.000
721.000
716.000
726.000
726.000
722.000
719.000
719.000
730.000
719.000
725.000
724.000
725.000
724.000
725.000
722.000
737.000
722.000
719.000
726.000
720.000
723.000
727.000
725.000
722.000
722.000
720.000
718.000
720.000
724.000
724.000
722.000
721.000
721.000
719.000
718.000
728.000
726.000
726.000
726.000
721.000
726.000
723.000
724.000
721.000
727.000
721.000
719.000
719.000
725.000
717.000
720.000
723.000
724.000
720.000
723.000
732.000
720.000
724.000
721.000
717.000
719.000
721.000
732.000
723.000
721.000
717.000
724.000
725.000
720.000
716.000
730.000
725.000
721.000
724.000
718.000
730.000
719.000
730.000
723.000
721.000
718.000
718.000
722.000
725.000
721.000
726.000
720.000
722.000
727.000
728.000
721.000
726.000
717.000
727.000
720.000
725.000
721.000
730.000
728.000
723.000
725.000
720.000
716.000
738.000
736.000
724.000
723.000
722.000
729.000
718.000
733.000
723.000
774.000
722.000
734.000
728.000
728.000
722.000
719.000
724.000
727.000
726.000
723.000
722.000
724.000
716.000
722.000
729.000
730.000
717.000
726.000
725.000
729.000
722.000
725.000
729.000
729.000
716.000
729.000
720.000
729.000
718.000
722.000
720.000
723.000
726.000
726.000
723.000
729.000
723.000
722.000
724.000
730.000
728.000
722.000
722.000
721.000
727.000
724.000
725.000
722.000
728.000
729.000
732.000
728.000
727.000
727.000
722.000
723.000
728.000
733.000
722.000
730.000
732.000
725.000
726.000
721.000
731.000
731.000
730.000
736.000
728.000
727.000
728.000
726.000
721.000
726.000
732.000
733.000
730.000
726.000
725.000
729.000
732.000
729.000
718.000
726.000
731.000
736.000
731.000
725.000
728.000
734.000
733.000
727.000
729.000
732.000
736.000
735.000
735.000
731.000
733.000
728.000
735.000
724.000
732.000
728.000
731.000
738.000
733.000
734.000
724.000
735.000
723.000
725.000
740.000
735.000
737.000
736.000
726.000
726.000
738.000
735.000
729.000
737.000
729.000
737.000
821.000
738.000
892.000
739.000
733.000
736.000
734.000
740.000
735.000
737.000
731.000
738.000
732.000
742.000
747.000
743.000
741.000
745.000
748.000
743.000
752.000
751.000
754.000
775.000
761.000
768.000
771.000
769.000
768.000
766.000
767.000
771.000
780.000
793.000
791.000
794.000
822.000
832.000
829.000
851.000
869.000
890.000
911.000
954.000
991.000
1032.000
1007.000
1012.000
994.000
967.000
940.000
926.000
916.000
907.000
906.000
907.000
912.000
935.000
912.000
928.000
916.000
916.000
936.000
913.000
929.000
911.000
920.000
927.000
985.000
1253.000
1337.000
1303.000
1105.000
928.000
910.000
906.000
896.000
898.000
901.000
877.000
881.000
873.000
855.000
849.000
855.000
848.000
852.000
832.000
835.000
824.000
831.000
824.000
828.000
820.000
821.000
811.000
810.000
814.000
801.000
803.000
792.000
778.000
785.000
785.000
785.000
781.000
784.000
780.000
771.000
770.000
778.000
778.000
771.000
771.000
765.000
772.000
764.000
759.000
756.000
760.000
763.000
762.000
763.000
764.000
753.000
754.000
751.000
755.000
756.000
754.000
792.000
759.000
752.000
750.000
755.000
754.000
750.000
751.000
750.000
750.000
767.000
754.000
757.000
753.000
759.000
758.000
758.000
744.000
757.000
757.000
748.000
759.000
745.000
757.000
754.000
755.000
754.000
754.000
746.000
752.000
748.000
747.000
752.000
758.000
757.000
745.000
755.000
758.000
754.000
760.000
750.000
758.000
748.000
748.000
752.000
742.000
757.000
754.000
751.000
750.000
749.000
748.000
751.000
755.000
752.000
748.000
750.000
750.000
749.000
758.000
765.000
756.000
762.000
754.000
750.000
752.000
762.000
750.000
746.000
758.000
752.000
751.000
746.000
748.000
752.000
750.000
761.000
758.000
753.000
753.000
744.000
753.000
751.000
755.000
746.000
773.000
753.000
745.000
747.000
756.000
747.000
747.000
751.000
750.000
756.000
752.000
754.000
767.000
752.000
755.000
759.000
755.000
755.000
751.000
750.000
753.000
757.000
761.000
752.000
756.000
764.000
761.000
752.000
763.000
766.000
836.000
891.000
792.000
767.000
766.000
772.000
774.000
765.000
764.000
756.000
757.000
769.000
822.000
881.000
825.000
774.000
773.000
780.000
771.000
780.000
818.000
832.000
795.000
773.000
772.000
782.000
787.000
785.000
794.000
795.000
810.000
804.000
810.000
811.000
825.000
812.000
821.000
803.000
806.000
812.000
823.000
810.000
815.000
811.000
811.000
809.000
803.000
815.000
811.000
809.000
804.000
806.000
814.000
793.000
798.000
797.000
795.000
799.000
816.000
831.000
904.000
897.000
877.000
845.000
822.000
799.000
803.000
798.000
789.000
783.000
775.000
780.000
777.000
777.000
774.000
776.000
783.000
783.000
785.000
774.000
783.000
789.000
780.000
781.000
791.000
789.000
794.000
787.000
793.000
796.000
802.000
805.000
807.000
817.000
849.000
853.000
838.000
829.000
816.000
787.000
790.000
790.000
776.000
780.000
775.000
777.000
778.000
772.000
773.000
780.000
771.000
777.000
780.000
779.000
777.000
776.000
771.000
765.000
765.000
759.000
770.000
769.000
770.000
778.000
780.000
783.000
777.000
783.000
788.000
789.000
788.000
795.000
798.000
794.000
798.000
795.000
798.000
786.000
781.000
774.000
776.000
767.000
769.000
768.000
763.000
762.000
758.000
766.000
765.000
757.000
749.000
760.000
763.000
761.000
762.000
766.000
771.000
763.000
755.000
781.000
767.000
765.000
766.000
755.000
767.000
916.000
763.000
770.000
766.000
780.000
757.000
770.000
760.000
772.000
763.000
771.000
776.000
770.000
770.000
772.000
790.000
776.000
801.000
774.000
788.000
784.000
782.000
795.000
804.000
809.000
806.000
823.000
837.000
846.000
871.000
890.000
919.000
980.000
1044.000
1167.000
1371.000
1628.000
1778.000
1729.000
1564.000
1361.000
1218.000
1114.000
1054.000
1004.000
996.000
1007.000
965.000
965.000
951.000
935.000
929.000
928.000
919.000
913.000
921.000
928.000
927.000
915.000
899.000
892.000
871.000
864.000
847.000
832.000
831.000
821.000
834.000
814.000
810.000
798.000
799.000
799.000
786.000
781.000
787.000
777.000
782.000
793.000
782.000
780.000
776.000
781.000
775.000
777.000
783.000
779.000
783.000
783.000
778.000
778.000
780.000
778.000
784.000
777.000
788.000
803.000
788.000
790.000
784.000
783.000
777.000
778.000
780.000
781.000
785.000
782.000
790.000
798.000
791.000
795.000
783.000
788.000
787.000
799.000
792.000
791.000
787.000
794.000
794.000
791.000
788.000
791.000
790.000
797.000
792.000
793.000
793.000
803.000
784.000
804.000
800.000
800.000
789.000
794.000
786.000
785.000
787.000
782.000
774.000
791.000
780.000
783.000
789.000
775.000
779.000
790.000
773.000
779.000
790.000
779.000
794.000
804.000
822.000
818.000
838.000
849.000
852.000
849.000
821.000
828.000
796.000
783.000
776.000
768.000
762.000
757.000
760.000
757.000
754.000
752.000
756.000
757.000
754.000
751.000
751.000
754.000
746.000
737.000
766.000
742.000
745.000
745.000
750.000
753.000
747.000
740.000
751.000
748.000
747.000
752.000
742.000
734.000
743.000
738.000
739.000
751.000
741.000
741.000
740.000
744.000
743.000
745.000
746.000
752.000
747.000
742.000
745.000
737.000
736.000
744.000
748.000
738.000
744.000
743.000
734.000
740.000
735.000
742.000
740.000
746.000
748.000
739.000
737.000
742.000
752.000
742.000
746.000
739.000
751.000
743.000
746.000
749.000
746.000
746.000
757.000
754.000
749.000
748.000
744.000
741.000
741.000
745.000
751.000
742.000
742.000
742.000
745.000
744.000
742.000
742.000
744.000
748.000
748.000
742.000
752.000
748.000
746.000
758.000
743.000
751.000
746.000
741.000
748.000
747.000
736.000
742.000
736.000
745.000
743.000
741.000
750.000
747.000
750.000
764.000
760.000
768.000
769.000
767.000
754.000
754.000
753.000
759.000
751.000
746.000
741.000
748.000
740.000
739.000
746.000
749.000
750.000
757.000
748.000
746.000
738.000
739.000
742.000
748.000
751.000
736.000
740.000
743.000
733.000
742.000
745.000
732.000
739.000
744.000
743.000
741.000
734.000
748.000
735.000
735.000
734.000
738.000
744.000
744.000
754.000
741.000
742.000
744.000
748.000
747.000
739.000
742.000
735.000
744.000
740.000
742.000
740.000
737.000
736.000
738.000
732.000
744.000
732.000
729.000
736.000
738.000
731.000
737.000
743.000
728.000
730.000
738.000
734.000
742.000
744.000
748.000
747.000
749.000
741.000
731.000
745.000
735.000
741.000
743.000
728.000
733.000
729.000
724.000
733.000
721.000
724.000
689.000
689.000
692.000
689.000
