711.000
696.000
692.000
694.000
694.000
694.000
694.000
698.000
696.000
696.000
699.000
705.000
699.000
701.000
701.000
701.000
697.000
700.000
701.000
700.000
700.000
698.000
701.000
697.000
694.000
698.000
700.000
698.000
699.000
702.000
699.000
701.000
702.000
700.000
698.000
700.000
698.000
701.000
700.000
699.000
703.000
701.000
706.000
701.000
702.000
698.000
698.000
699.000
702.000
698.000
698.000
699.000
699.000
700.000
699.000
702.000
702.000
697.000
697.000
701.000
697.000
700.000
702.000
704.000
703.000
701.000
700.000
696.000
702.000
702.000
703.000
700.000
701.000
695.000
698.000
700.000
697.000
702.000
702.000
696.000
698.000
699.000
703.000
701.000
701.000
704.000
698.000
704.000
698.000
699.000
699.000
700.000
700.000
701.000
706.000
700.000
698.000
697.000
698.000
699.000
703.000
699.000
704.000
698.000
701.000
699.000
701.000
697.000
701.000
699.000
699.000
700.000
698.000
700.000
698.000
704.000
700.000
702.000
695.000
696.000
704.000
697.000
700.000
699.000
701.000
701.000
703.000
700.000
698.000
703.000
703.000
697.000
699.000
700.000
697.000
701.000
700.000
698.000
699.000
706.000
697.000
698.000
699.000
701.000
702.000
700.000
701.000
698.000
702.000
704.000
697.000
701.000
700.000
699.000
699.000
699.000
699.000
705.000
697.000
704.000
699.000
699.000
702.000
701.000
702.000
699.000
704.000
699.000
698.000
697.000
697.000
698.000
706.000
703.000
708.000
700.000
698.000
700.000
701.000
699.000
700.000
701.000
696.000
702.000
701.000
703.000
699.000
701.000
703.000
703.000
700.000
700.000
701.000
698.000
701.000
702.000
702.000
699.000
701.000
701.000
702.000
702.000
701.000
701.000
701.000
701.000
703.000
701.000
701.000
701.000
701.000
703.000
702.000
699.000
702.000
703.000
703.000
703.000
698.000
697.000
698.000
702.000
698.000
698.000
697.000
704.000
704.000
696.000
699.000
704.000
703.000
702.000
701.000
701.000
700.000
705.000
701.000
701.000
701.000
701.000
700.000
699.000
703.000
699.000
701.000
700.000
701.000
704.000
702.000
701.000
702.000
701.000
703.000
705.000
702.000
701.000
703.000
702.000
704.000
707.000
704.000
705.000
704.000
707.000
723.000
703.000
746.000
704.000
704.000
703.000
706.000
703.000
705.000
702.000
700.000
704.000
699.000
708.000
702.000
704.000
708.000
708.000
705.000
710.000
705.000
710.000
706.000
714.000
709.000
708.000
703.000
712.000
709.000
707.000
708.000
712.000
717.000
711.000
719.000
720.000
724.000
730.000
726.000
730.000
735.000
735.000
750.000
763.000
774.000
779.000
778.000
773.000
761.000
771.000
753.000
754.000
754.000
750.000
749.000
745.000
754.000
749.000
754.000
752.000
752.000
754.000
753.000
748.000
748.000
750.000
752.000
758.000
764.000
841.000
867.000
845.000
793.000
751.000
751.000
748.000
750.000
745.000
745.000
737.000
743.000
740.000
733.000
740.000
732.000
735.000
735.000
729.000
724.000
722.000
726.000
727.000
722.000
726.000
724.000
720.000
721.000
719.000
718.000
724.000
717.000
712.000
717.000
719.000
714.000
713.000
714.000
711.000
718.000
712.000
711.000
713.000
712.000
715.000
705.000
712.000
707.000
709.000
711.000
709.000
711.000
704.000
710.000
710.000
706.000
704.000
703.000
710.000
706.000
710.000
717.000
707.000
707.000
707.000
703.000
703.000
706.000
706.000
704.000
707.000
710.000
706.000
715.000
707.000
707.000
714.000
706.000
706.000
707.000
707.000
707.000
707.000
705.000
710.000
709.000
707.000
708.000
708.000
707.000
704.000
707.000
701.000
706.000
706.000
709.000
704.000
713.000
711.000
704.000
708.000
705.000
709.000
704.000
709.000
703.000
707.000
709.000
711.000
708.000
709.000
704.000
704.000
708.000
708.000
710.000
706.000
710.000
704.000
705.000
703.000
710.000
708.000
714.000
701.000
707.000
708.000
708.000
707.000
705.000
708.000
703.000
702.000
705.000
710.000
702.000
708.000
703.000
712.000
705.000
707.000
710.000
703.000
706.000
708.000
705.000
715.000
704.000
710.000
711.000
706.000
701.000
706.000
706.000
709.000
709.000
707.000
708.000
711.000
711.000
705.000
712.000
706.000
706.000
706.000
713.000
712.000
707.000
708.000
711.000
710.000
713.000
712.000
714.000
713.000
708.000
734.000
748.000
723.000
711.000
710.000
712.000
712.000
708.000
709.000
711.000
707.000
712.000
721.000
745.000
723.000
715.000
710.000
714.000
707.000
715.000
723.000
725.000
719.000
716.000
713.000
722.000
713.000
714.000
721.000
720.000
718.000
718.000
721.000
723.000
727.000
718.000
724.000
716.000
730.000
721.000
727.000
726.000
726.000
724.000
718.000
729.000
724.000
723.000
722.000
724.000
721.000
716.000
720.000
722.000
717.000
722.000
720.000
718.000
721.000
732.000
755.000
746.000
745.000
726.000
727.000
718.000
721.000
722.000
713.000
715.000
713.000
715.000
716.000
712.000
717.000
718.000
717.000
712.000
715.000
714.000
716.000
715.000
713.000
712.000
717.000
718.000
720.000
715.000
723.000
720.000
722.000
724.000
722.000
731.000
735.000
730.000
728.000
729.000
724.000
717.000
716.000
717.000
720.000
716.000
715.000
717.000
713.000
713.000
714.000
717.000
712.000
713.000
707.000
711.000
712.000
714.000
713.000
708.000
711.000
718.000
713.000
712.000
715.000
713.000
716.000
707.000
713.000
713.000
722.000
715.000
721.000
721.000
717.000
721.000
724.000
721.000
718.000
715.000
713.000
715.000
720.000
716.000
712.000
717.000
713.000
710.000
707.000
710.000
709.000
708.000
707.000
715.000
710.000
710.000
713.000
714.000
715.000
712.000
712.000
715.000
712.000
708.000
710.000
711.000
710.000
749.000
707.000
709.000
709.000
710.000
712.000
713.000
715.000
710.000
708.000
713.000
714.000
716.000
714.000
714.000
713.000
713.000
723.000
714.000
715.000
717.000
721.000
723.000
723.000
715.000
722.000
726.000
724.000
732.000
744.000
747.000
752.000
770.000
789.000
820.000
868.000
946.000
974.000
968.000
917.000
877.000
829.000
803.000
787.000
770.000
773.000
772.000
775.000
766.000
757.000
756.000
754.000
754.000
746.000
752.000
759.000
759.000
753.000
749.000
739.000
743.000
739.000
739.000
733.000
734.000
728.000
724.000
722.000
721.000
722.000
717.000
724.000
718.000
717.000
717.000
717.000
718.000
720.000
720.000
712.000
718.000
712.000
714.000
719.000
715.000
718.000
714.000
710.000
712.000
716.000
720.000
721.000
718.000
713.000
716.000
724.000
724.000
719.000
718.000
720.000
718.000
720.000
714.000
716.000
718.000
715.000
716.000
718.000
719.000
720.000
719.000
718.000
720.000
719.000
719.000
716.000
716.000
715.000
718.000
715.000
717.000
716.000
721.000
725.000
722.000
709.000
720.000
713.000
717.000
711.000
721.000
719.000
717.000
718.000
714.000
720.000
716.000
719.000
718.000
712.000
714.000
714.000
710.000
717.000
715.000
715.000
720.000
717.000
714.000
715.000
720.000
718.000
725.000
723.000
725.000
732.000
734.000
734.000
730.000
726.000
721.000
717.000
709.000
712.000
710.000
710.000
709.000
708.000
708.000
707.000
707.000
710.000
708.000
707.000
712.000
711.000
709.000
704.000
706.000
705.000
704.000
708.000
706.000
706.000
707.000
709.000
712.000
704.000
703.000
705.000
705.000
703.000
703.000
705.000
706.000
707.000
706.000
704.000
709.000
708.000
707.000
703.000
708.000
704.000
711.000
705.000
707.000
705.000
705.000
704.000
706.000
707.000
709.000
701.000
703.000
701.000
710.000
702.000
706.000
709.000
709.000
708.000
707.000
706.000
703.000
708.000
706.000
706.000
704.000
709.000
704.000
707.000
704.000
704.000
705.000
707.000
707.000
704.000
705.000
701.000
703.000
708.000
704.000
705.000
702.000
702.000
709.000
705.000
701.000
701.000
708.000
707.000
706.000
705.000
707.000
708.000
712.000
706.000
710.000
706.000
703.000
702.000
708.000
704.000
707.000
705.000
709.000
705.000
700.000
704.000
707.000
705.000
708.000
709.000
715.000
711.000
711.000
715.000
717.000
704.000
707.000
709.000
713.000
708.000
711.000
709.000
711.000
708.000
705.000
709.000
708.000
707.000
707.000
707.000
707.000
704.000
708.000
706.000
704.000
707.000
704.000
709.000
704.000
707.000
704.000
704.000
707.000
705.000
704.000
707.000
702.000
704.000
703.000
705.000
707.000
703.000
707.000
708.000
708.000
702.000
704.000
709.000
702.000
707.000
704.000
703.000
703.000
703.000
707.000
706.000
704.000
700.000
710.000
702.000
703.000
702.000
703.000
704.000
703.000
704.000
703.000
704.000
706.000
706.000
700.000
705.000
698.000
704.000
709.000
701.000
708.000
710.000
707.000
707.000
701.000
703.000
702.000
703.000
701.000
708.000
705.000
699.000
699.000
703.000
700.000
704.000
692.000
692.000
693.000
694.000
