714.000
697.000
692.000
688.000
708.000
712.000
717.000
722.000
720.000
720.000
714.000
729.000
719.000
710.000
720.000
725.000
721.000
719.000
726.000
722.000
724.000
723.000
726.000
720.000
721.000
719.000
722.000
722.000
719.000
723.000
720.000
724.000
720.000
719.000
722.000
721.000
725.000
723.000
724.000
723.000
721.000
719.000
740.000
719.000
724.000
727.000
723.000
722.000
723.000
725.000
723.000
720.000
718.000
727.000
721.000
723.000
728.000
726.000
726.000
721.000
721.000
718.000
720.000
724.000
723.000
732.000
717.000
723.000
723.000
719.000
726.000
728.000
722.000
722.000
720.000
721.000
724.000
720.000
730.000
725.000
726.000
723.000
724.000
718.000
719.000
720.000
722.000
712.000
726.000
730.000
725.000
723.000
718.000
725.000
724.000
718.000
722.000
722.000
716.000
720.000
720.000
721.000
724.000
728.000
732.000
717.000
721.000
730.000
719.000
724.000
727.000
726.000
724.000
725.000
724.000
727.000
723.000
720.000
724.000
715.000
726.000
723.000
720.000
723.000
727.000
735.000
723.000
728.000
724.000
719.000
732.000
726.000
722.000
725.000
723.000
729.000
720.000
727.000
720.000
755.000
727.000
727.000
727.000
731.000
727.000
723.000
727.000
725.000
720.000
725.000
718.000
722.000
713.000
728.000
721.000
725.000
723.000
726.000
722.000
729.000
723.000
721.000
729.000
725.000
724.000
725.000
724.000
727.000
719.000
721.000
723.000
723.000
722.000
726.000
723.000
730.000
721.000
723.000
730.000
730.000
723.000
721.000
727.000
727.000
727.000
723.000
722.000
720.000
733.000
729.000
726.000
728.000
723.000
725.000
725.000
723.000
722.000
729.000
718.000
730.000
732.000
723.000
730.000
725.000
728.000
727.000
729.000
738.000
728.000
724.000
729.000
729.000
726.000
721.000
725.000
727.000
724.000
720.000
725.000
731.000
733.000
734.000
717.000
724.000
723.000
730.000
730.000
722.000
729.000
733.000
734.000
727.000
728.000
728.000
731.000
730.000
733.000
733.000
729.000
723.000
731.000
728.000
724.000
726.000
733.000
724.000
734.000
734.000
729.000
737.000
719.000
730.000
733.000
740.000
731.000
736.000
728.000
729.000
731.000
739.000
728.000
733.000
735.000
744.000
814.000
739.000
883.000
738.000
734.000
733.000
736.000
739.000
738.000
740.000
733.000
734.000
736.000
737.000
741.000
734.000
740.000
743.000
745.000
745.000
750.000
751.000
754.000
760.000
760.000
775.000
764.000
764.000
770.000
770.000
773.000
768.000
775.000
785.000
788.000
796.000
816.000
823.000
842.000
853.000
868.000
884.000
910.000
965.000
998.000
1027.000
1015.000
1000.000
982.000
967.000
947.000
917.000
916.000
907.000
887.000
911.000
913.000
922.000
922.000
912.000
908.000
918.000
934.000
913.000
919.000
925.000
919.000
920.000
1000.000
1230.000
1320.000
1292.000
1092.000
915.000
900.000
905.000
902.000
887.000
889.000
878.000
873.000
864.000
867.000
848.000
853.000
856.000
838.000
831.000
828.000
823.000
824.000
815.000
816.000
804.000
807.000
802.000
807.000
800.000
807.000
796.000
787.000
787.000
776.000
781.000
783.000
778.000
780.000
779.000
765.000
772.000
772.000
782.000
764.000
765.000
767.000
765.000
761.000
753.000
763.000
763.000
764.000
758.000
757.000
758.000
757.000
747.000
754.000
765.000
748.000
759.000
791.000
755.000
749.000
742.000
761.000
752.000
750.000
754.000
751.000
745.000
765.000
750.000
750.000
751.000
751.000
755.000
749.000
753.000
751.000
755.000
746.000
755.000
750.000
751.000
759.000
748.000
758.000
750.000
745.000
762.000
749.000
749.000
747.000
746.000
760.000
747.000
758.000
756.000
749.000
749.000
750.000
757.000
746.000
753.000
747.000
744.000
759.000
750.000
750.000
758.000
753.000
748.000
756.000
749.000
756.000
758.000
755.000
757.000
750.000
756.000
761.000
746.000
763.000
757.000
759.000
755.000
774.000
750.000
756.000
755.000
755.000
754.000
748.000
753.000
749.000
754.000
753.000
755.000
754.000
755.000
748.000
752.000
747.000
756.000
756.000
767.000
754.000
753.000
756.000
758.000
753.000
751.000
754.000
752.000
751.000
745.000
757.000
753.000
751.000
755.000
754.000
754.000
754.000
754.000
753.000
752.000
755.000
760.000
756.000
763.000
765.000
758.000
756.000
761.000
765.000
849.000
908.000
800.000
772.000
767.000
770.000
766.000
763.000
768.000
768.000
766.000
775.000
819.000
896.000
816.000
779.000
776.000
763.000
769.000
779.000
809.000
825.000
799.000
787.000
776.000
777.000
781.000
785.000
801.000
790.000
805.000
809.000
814.000
806.000
820.000
811.000
819.000
805.000
810.000
817.000
818.000
808.000
804.000
808.000
809.000
814.000
799.000
820.000
809.000
804.000
803.000
794.000
802.000
796.000
790.000
802.000
801.000
800.000
815.000
833.000
899.000
895.000
874.000
837.000
827.000
805.000
792.000
793.000
790.000
782.000
786.000
789.000
773.000
780.000
772.000
779.000
779.000
773.000
793.000
783.000
789.000
781.000
781.000
783.000
785.000
779.000
793.000
781.000
790.000
790.000
799.000
806.000
814.000
825.000
835.000
846.000
844.000
832.000
803.000
797.000
778.000
794.000
774.000
779.000
770.000
773.000
777.000
777.000
772.000
783.000
770.000
774.000
785.000
774.000
778.000
776.000
773.000
771.000
771.000
765.000
776.000
776.000
772.000
773.000
779.000
772.000
782.000
783.000
786.000
787.000
791.000
815.000
803.000
800.000
804.000
793.000
786.000
783.000
781.000
778.000
781.000
774.000
770.000
767.000
767.000
767.000
768.000
766.000
771.000
751.000
751.000
763.000
763.000
752.000
763.000
761.000
761.000
766.000
761.000
774.000
760.000
764.000
761.000
755.000
767.000
911.000
760.000
759.000
763.000
768.000
762.000
775.000
765.000
774.000
759.000
763.000
781.000
775.000
773.000
773.000
785.000
774.000
802.000
776.000
781.000
789.000
792.000
793.000
795.000
806.000
812.000
814.000
837.000
850.000
866.000
900.000
924.000
979.000
1040.000
1169.000
1377.000
1623.000
1797.000
1739.000
1554.000
1368.000
1223.000
1121.000
1065.000
1011.000
983.000
986.000
974.000
966.000
953.000
937.000
929.000
928.000
915.000
913.000
922.000
927.000
923.000
913.000
896.000
893.000
869.000
864.000
849.000
837.000
822.000
810.000
826.000
803.000
803.000
807.000
789.000
794.000
788.000
780.000
792.000
784.000
772.000
783.000
787.000
788.000
785.000
777.000
779.000
787.000
782.000
779.000
771.000
778.000
784.000
781.000
786.000
783.000
788.000
784.000
788.000
811.000
788.000
789.000
794.000
782.000
788.000
783.000
786.000
788.000
790.000
782.000
795.000
793.000
800.000
801.000
792.000
799.000
789.000
795.000
797.000
797.000
787.000
793.000
797.000
784.000
791.000
790.000
794.000
800.000
793.000
792.000
790.000
797.000
790.000
793.000
796.000
792.000
796.000
789.000
795.000
785.000
781.000
786.000
772.000
795.000
778.000
789.000
784.000
786.000
773.000
790.000
780.000
785.000
798.000
779.000
795.000
804.000
823.000
832.000
845.000
847.000
857.000
844.000
831.000
814.000
800.000
781.000
774.000
773.000
763.000
761.000
757.000
751.000
752.000
747.000
756.000
759.000
751.000
759.000
752.000
748.000
748.000
741.000
768.000
748.000
746.000
739.000
750.000
748.000
748.000
750.000
743.000
750.000
750.000
747.000
742.000
745.000
747.000
750.000
742.000
748.000
748.000
749.000
740.000
742.000
742.000
745.000
749.000
754.000
743.000
740.000
743.000
738.000
743.000
740.000
746.000
744.000
747.000
754.000
737.000
742.000
736.000
742.000
741.000
743.000
742.000
737.000
741.000
746.000
745.000
743.000
743.000
736.000
754.000
749.000
746.000
750.000
748.000
742.000
755.000
750.000
743.000
744.000
739.000
741.000
744.000
745.000
755.000
747.000
750.000
739.000
744.000
744.000
737.000
744.000
752.000
752.000
744.000
744.000
759.000
755.000
746.000
748.000
739.000
754.000
741.000
741.000
744.000
748.000
739.000
739.000
740.000
746.000
743.000
749.000
751.000
747.000
754.000
773.000
775.000
764.000
776.000
763.000
755.000
760.000
763.000
757.000
753.000
747.000
746.000
747.000
740.000
744.000
749.000
748.000
751.000
755.000
749.000
752.000
748.000
747.000
740.000
744.000
756.000
733.000
739.000
751.000
743.000
745.000
743.000
739.000
739.000
746.000
743.000
740.000
733.000
746.000
741.000
750.000
733.000
743.000
743.000
748.000
746.000
742.000
747.000
737.000
743.000
749.000
736.000
741.000
728.000
740.000
744.000
745.000
736.000
739.000
743.000
736.000
740.000
742.000
733.000
737.000
737.000
738.000
735.000
737.000
737.000
734.000
728.000
732.000
728.000
742.000
739.000
745.000
747.000
746.000
743.000
738.000
754.000
733.000
741.000
735.000
734.000
736.000
730.000
723.000
727.000
718.000
731.000
691.000
692.000
692.000
692.000
