718.000
698.000
693.000
693.000
694.000
698.000
699.000
697.000
698.000
701.000
699.000
702.000
699.000
696.000
698.000
699.000
702.000
700.000
700.000
704.000
700.000
697.000
699.000
699.000
702.000
702.000
701.000
698.000
702.000
700.000
702.000
699.000
701.000
702.000
700.000
700.000
703.000
700.000
700.000
701.000
700.000
703.000
703.000
700.000
697.000
699.000
698.000
698.000
700.000
702.000
699.000
700.000
700.000
702.000
698.000
700.000
701.000
696.000
699.000
699.000
704.000
704.000
700.000
705.000
705.000
696.000
699.000
703.000
700.000
702.000
704.000
704.000
701.000
700.000
701.000
700.000
703.000
703.000
701.000
701.000
702.000
701.000
707.000
700.000
697.000
697.000
700.000
698.000
700.000
707.000
698.000
699.000
699.000
700.000
703.000
699.000
696.000
702.000
697.000
701.000
703.000
700.000
700.000
700.000
702.000
700.000
701.000
698.000
698.000
700.000
701.000
700.000
699.000
699.000
699.000
703.000
700.000
703.000
701.000
699.000
704.000
701.000
699.000
700.000
704.000
700.000
700.000
701.000
702.000
704.000
702.000
702.000
702.000
700.000
703.000
699.000
699.000
704.000
706.000
710.000
702.000
703.000
702.000
702.000
702.000
699.000
700.000
701.000
699.000
705.000
697.000
702.000
703.000
700.000
702.000
703.000
700.000
697.000
702.000
703.000
701.000
701.000
704.000
700.000
700.000
703.000
697.000
703.000
698.000
698.000
703.000
705.000
698.000
704.000
705.000
703.000
702.000
698.000
702.000
701.000
703.000
702.000
701.000
698.000
704.000
702.000
695.000
698.000
701.000
699.000
702.000
701.000
698.000
700.000
701.000
700.000
702.000
702.000
695.000
700.000
702.000
704.000
704.000
700.000
702.000
701.000
704.000
703.000
702.000
703.000
704.000
699.000
699.000
699.000
703.000
702.000
704.000
696.000
699.000
700.000
699.000
702.000
698.000
700.000
701.000
698.000
703.000
701.000
699.000
702.000
704.000
701.000
701.000
702.000
701.000
701.000
700.000
699.000
701.000
705.000
702.000
701.000
701.000
703.000
706.000
700.000
699.000
703.000
701.000
701.000
701.000
703.000
705.000
702.000
703.000
704.000
701.000
704.000
705.000
705.000
703.000
705.000
704.000
705.000
720.000
702.000
741.000
702.000
700.000
703.000
699.000
703.000
702.000
706.000
700.000
701.000
702.000
699.000
704.000
700.000
700.000
703.000
703.000
704.000
705.000
701.000
706.000
710.000
705.000
706.000
706.000
707.000
708.000
708.000
707.000
710.000
707.000
710.000
714.000
713.000
712.000
713.000
722.000
715.000
722.000
720.000
727.000
728.000
743.000
746.000
738.000
736.000
735.000
733.000
730.000
732.000
726.000
721.000
722.000
728.000
729.000
728.000
726.000
729.000
734.000
725.000
734.000
728.000
728.000
730.000
731.000
729.000
737.000
771.000
791.000
784.000
748.000
730.000
725.000
727.000
723.000
724.000
721.000
721.000
721.000
719.000
719.000
717.000
717.000
718.000
718.000
715.000
715.000
708.000
715.000
713.000
716.000
717.000
710.000
711.000
709.000
710.000
714.000
709.000
712.000
705.000
707.000
712.000
708.000
710.000
708.000
705.000
702.000
703.000
706.000
714.000
711.000
707.000
707.000
706.000
703.000
704.000
710.000
706.000
704.000
706.000
706.000
701.000
705.000
707.000
706.000
703.000
704.000
707.000
712.000
704.000
708.000
701.000
706.000
702.000
705.000
705.000
707.000
706.000
709.000
705.000
701.000
705.000
706.000
707.000
700.000
706.000
703.000
704.000
703.000
711.000
704.000
706.000
706.000
708.000
705.000
703.000
705.000
703.000
707.000
702.000
707.000
706.000
703.000
703.000
708.000
704.000
699.000
702.000
704.000
705.000
705.000
704.000
705.000
707.000
705.000
703.000
705.000
707.000
705.000
700.000
704.000
702.000
706.000
704.000
704.000
708.000
704.000
700.000
708.000
707.000
708.000
706.000
704.000
702.000
707.000
698.000
699.000
702.000
705.000
703.000
708.000
704.000
706.000
708.000
702.000
704.000
704.000
702.000
710.000
707.000
705.000
704.000
704.000
712.000
705.000
703.000
711.000
706.000
705.000
704.000
707.000
706.000
706.000
701.000
708.000
703.000
701.000
710.000
708.000
705.000
700.000
705.000
707.000
705.000
701.000
704.000
702.000
708.000
705.000
708.000
704.000
705.000
705.000
715.000
724.000
708.000
708.000
708.000
713.000
702.000
706.000
701.000
705.000
707.000
709.000
715.000
727.000
715.000
709.000
708.000
707.000
706.000
710.000
710.000
711.000
711.000
706.000
710.000
711.000
711.000
707.000
714.000
710.000
711.000
714.000
717.000
710.000
718.000
711.000
713.000
714.000
710.000
712.000
716.000
718.000
707.000
711.000
710.000
713.000
713.000
716.000
713.000
715.000
714.000
711.000
718.000
712.000
709.000
711.000
714.000
712.000
714.000
717.000
732.000
719.000
721.000
712.000
716.000
709.000
710.000
712.000
712.000
705.000
705.000
710.000
706.000
712.000
710.000
704.000
712.000
711.000
708.000
708.000
708.000
706.000
708.000
710.000
706.000
712.000
704.000
703.000
708.000
709.000
716.000
710.000
711.000
715.000
719.000
723.000
715.000
720.000
717.000
708.000
710.000
706.000
710.000
710.000
710.000
705.000
709.000
706.000
710.000
710.000
705.000
709.000
710.000
709.000
711.000
713.000
712.000
703.000
705.000
709.000
708.000
708.000
703.000
706.000
708.000
708.000
708.000
710.000
709.000
710.000
710.000
711.000
714.000
714.000
713.000
707.000
705.000
713.000
704.000
713.000
710.000
709.000
703.000
704.000
706.000
708.000
704.000
708.000
706.000
702.000
703.000
711.000
703.000
707.000
703.000
709.000
711.000
707.000
699.000
712.000
708.000
706.000
708.000
703.000
710.000
738.000
710.000
706.000
708.000
710.000
706.000
705.000
705.000
709.000
708.000
707.000
714.000
708.000
707.000
708.000
708.000
707.000
712.000
711.000
713.000
707.000
713.000
710.000
716.000
713.000
711.000
718.000
714.000
717.000
723.000
727.000
732.000
738.000
748.000
759.000
796.000
827.000
849.000
849.000
810.000
794.000
773.000
757.000
745.000
747.000
740.000
738.000
737.000
736.000
734.000
733.000
730.000
731.000
730.000
727.000
726.000
726.000
736.000
723.000
726.000
723.000
719.000
716.000
720.000
720.000
713.000
714.000
716.000
712.000
712.000
712.000
708.000
711.000
714.000
710.000
711.000
709.000
708.000
715.000
706.000
709.000
709.000
708.000
712.000
709.000
711.000
706.000
712.000
704.000
705.000
712.000
712.000
712.000
708.000
710.000
711.000
719.000
703.000
710.000
713.000
708.000
710.000
709.000
712.000
710.000
707.000
708.000
712.000
711.000
712.000
709.000
708.000
709.000
708.000
713.000
712.000
710.000
711.000
717.000
711.000
711.000
709.000
707.000
712.000
710.000
711.000
713.000
713.000
709.000
712.000
714.000
710.000
712.000
708.000
713.000
714.000
707.000
711.000
710.000
710.000
712.000
710.000
712.000
706.000
712.000
714.000
715.000
710.000
707.000
710.000
709.000
714.000
710.000
715.000
718.000
715.000
720.000
719.000
718.000
716.000
717.000
714.000
714.000
710.000
709.000
704.000
703.000
707.000
704.000
704.000
707.000
708.000
705.000
708.000
705.000
708.000
702.000
706.000
703.000
709.000
704.000
701.000
703.000
701.000
704.000
704.000
706.000
704.000
713.000
707.000
706.000
708.000
706.000
704.000
707.000
706.000
705.000
707.000
698.000
705.000
705.000
705.000
705.000
703.000
705.000
701.000
704.000
702.000
704.000
702.000
704.000
702.000
697.000
702.000
701.000
699.000
703.000
702.000
700.000
700.000
708.000
703.000
702.000
700.000
707.000
708.000
700.000
707.000
703.000
704.000
705.000
703.000
708.000
707.000
701.000
705.000
707.000
706.000
704.000
707.000
703.000
704.000
705.000
705.000
708.000
703.000
701.000
706.000
708.000
706.000
703.000
704.000
701.000
709.000
708.000
708.000
708.000
705.000
706.000
701.000
705.000
702.000
699.000
702.000
711.000
708.000
702.000
706.000
704.000
706.000
703.000
705.000
703.000
705.000
712.000
709.000
705.000
708.000
711.000
710.000
708.000
704.000
705.000
705.000
706.000
705.000
704.000
708.000
708.000
706.000
703.000
705.000
710.000
707.000
704.000
705.000
707.000
705.000
704.000
706.000
701.000
706.000
705.000
702.000
706.000
704.000
706.000
709.000
704.000
703.000
706.000
702.000
708.000
703.000
704.000
701.000
703.000
705.000
702.000
704.000
701.000
703.000
705.000
705.000
705.000
704.000
697.000
705.000
702.000
702.000
708.000
704.000
707.000
703.000
706.000
703.000
705.000
701.000
704.000
702.000
703.000
699.000
705.000
704.000
701.000
703.000
709.000
704.000
701.000
703.000
705.000
708.000
707.000
704.000
704.000
707.000
707.000
703.000
704.000
696.000
704.000
700.000
700.000
701.000
703.000
699.000
696.000
692.000
696.000
694.000
