714.000
696.000
692.000
693.000
699.000
695.000
698.000
697.000
709.000
701.000
700.000
698.000
702.000
699.000
702.000
697.000
703.000
700.000
707.000
702.000
700.000
700.000
702.000
704.000
699.000
697.000
705.000
697.000
703.000
704.000
705.000
704.000
700.000
705.000
706.000
699.000
708.000
703.000
706.000
702.000
702.000
707.000
706.000
704.000
699.000
703.000
702.000
700.000
699.000
701.000
700.000
698.000
700.000
705.000
698.000
704.000
701.000
703.000
703.000
701.000
705.000
703.000
703.000
703.000
705.000
703.000
697.000
700.000
704.000
702.000
710.000
701.000
701.000
705.000
698.000
700.000
702.000
701.000
701.000
702.000
698.000
705.000
701.000
698.000
701.000
705.000
706.000
702.000
699.000
703.000
699.000
702.000
699.000
704.000
702.000
702.000
701.000
702.000
703.000
700.000
698.000
703.000
703.000
699.000
704.000
701.000
705.000
705.000
700.000
706.000
705.000
702.000
701.000
698.000
704.000
702.000
699.000
701.000
700.000
703.000
702.000
701.000
703.000
706.000
705.000
700.000
703.000
703.000
700.000
697.000
707.000
705.000
704.000
702.000
699.000
705.000
702.000
705.000
696.000
712.000
700.000
702.000
704.000
704.000
703.000
699.000
705.000
704.000
704.000
702.000
701.000
700.000
700.000
703.000
700.000
706.000
700.000
701.000
702.000
706.000
704.000
703.000
704.000
706.000
697.000
704.000
704.000
705.000
702.000
704.000
699.000
701.000
701.000
706.000
704.000
703.000
698.000
704.000
702.000
705.000
704.000
701.000
703.000
700.000
700.000
699.000
704.000
699.000
703.000
702.000
702.000
708.000
697.000
701.000
707.000
699.000
704.000
706.000
698.000
704.000
705.000
706.000
703.000
699.000
702.000
704.000
700.000
703.000
705.000
702.000
706.000
704.000
705.000
700.000
702.000
701.000
702.000
701.000
703.000
701.000
698.000
704.000
704.000
703.000
708.000
703.000
702.000
698.000
703.000
700.000
701.000
705.000
705.000
705.000
705.000
703.000
701.000
700.000
704.000
699.000
705.000
704.000
704.000
705.000
709.000
705.000
699.000
704.000
702.000
701.000
702.000
699.000
707.000
703.000
702.000
704.000
703.000
706.000
706.000
702.000
700.000
707.000
699.000
708.000
723.000
709.000
739.000
706.000
710.000
705.000
703.000
702.000
705.000
706.000
707.000
706.000
706.000
706.000
706.000
707.000
707.000
708.000
708.000
707.000
706.000
706.000
714.000
712.000
712.000
713.000
717.000
711.000
708.000
712.000
713.000
714.000
715.000
718.000
712.000
723.000
727.000
725.000
729.000
730.000
736.000
735.000
745.000
760.000
764.000
769.000
773.000
771.000
766.000
759.000
754.000
750.000
748.000
746.000
749.000
746.000
748.000
753.000
749.000
750.000
747.000
750.000
756.000
753.000
748.000
751.000
743.000
757.000
763.000
831.000
858.000
853.000
789.000
754.000
745.000
744.000
737.000
741.000
744.000
739.000
742.000
733.000
738.000
739.000
730.000
727.000
729.000
727.000
729.000
729.000
718.000
722.000
725.000
724.000
726.000
723.000
719.000
718.000
722.000
724.000
720.000
716.000
711.000
718.000
720.000
710.000
714.000
718.000
713.000
712.000
709.000
714.000
711.000
711.000
714.000
712.000
709.000
707.000
711.000
711.000
711.000
710.000
711.000
714.000
712.000
707.000
709.000
708.000
704.000
706.000
721.000
710.000
705.000
705.000
706.000
710.000
707.000
708.000
707.000
702.000
713.000
710.000
703.000
709.000
708.000
706.000
706.000
706.000
707.000
709.000
706.000
712.000
708.000
708.000
707.000
709.000
708.000
705.000
704.000
708.000
711.000
705.000
709.000
708.000
711.000
705.000
711.000
710.000
709.000
704.000
703.000
708.000
705.000
708.000
705.000
706.000
710.000
713.000
712.000
705.000
709.000
707.000
707.000
708.000
707.000
711.000
709.000
709.000
708.000
707.000
715.000
709.000
710.000
710.000
710.000
707.000
710.000
712.000
708.000
709.000
709.000
709.000
708.000
707.000
708.000
703.000
709.000
706.000
705.000
708.000
708.000
714.000
708.000
706.000
706.000
720.000
707.000
705.000
711.000
708.000
712.000
708.000
706.000
703.000
706.000
710.000
710.000
711.000
710.000
707.000
709.000
708.000
708.000
708.000
708.000
709.000
709.000
713.000
712.000
712.000
711.000
710.000
710.000
708.000
716.000
735.000
736.000
719.000
713.000
714.000
711.000
714.000
714.000
711.000
714.000
710.000
712.000
728.000
744.000
726.000
715.000
714.000
710.000
713.000
718.000
722.000
724.000
716.000
715.000
715.000
715.000
716.000
710.000
724.000
721.000
718.000
721.000
725.000
723.000
726.000
725.000
725.000
726.000
725.000
725.000
722.000
724.000
720.000
723.000
723.000
724.000
720.000
722.000
722.000
720.000
721.000
719.000
728.000
717.000
714.000
724.000
722.000
715.000
723.000
730.000
745.000
745.000
737.000
735.000
726.000
717.000
721.000
720.000
724.000
716.000
713.000
716.000
715.000
713.000
714.000
715.000
717.000
715.000
718.000
713.000
717.000
718.000
717.000
718.000
718.000
718.000
718.000
719.000
718.000
719.000
718.000
719.000
722.000
729.000
731.000
734.000
728.000
728.000
721.000
722.000
719.000
718.000
718.000
718.000
714.000
718.000
715.000
717.000
710.000
716.000
713.000
716.000
713.000
715.000
719.000
710.000
716.000
716.000
714.000
718.000
713.000
710.000
716.000
715.000
712.000
716.000
716.000
711.000
719.000
717.000
716.000
719.000
725.000
719.000
725.000
723.000
719.000
715.000
719.000
719.000
712.000
713.000
715.000
720.000
718.000
715.000
715.000
713.000
713.000
712.000
709.000
710.000
710.000
713.000
713.000
714.000
710.000
710.000
710.000
717.000
711.000
714.000
712.000
716.000
712.000
743.000
713.000
714.000
709.000
717.000
712.000
710.000
711.000
718.000
712.000
714.000
722.000
717.000
716.000
713.000
718.000
719.000
721.000
720.000
716.000
719.000
720.000
720.000
723.000
722.000
728.000
721.000
740.000
733.000
737.000
746.000
751.000
769.000
782.000
809.000
858.000
927.000
953.000
957.000
907.000
860.000
824.000
803.000
785.000
777.000
766.000
762.000
770.000
769.000
755.000
753.000
747.000
756.000
744.000
748.000
750.000
751.000
755.000
749.000
743.000
748.000
745.000
736.000
733.000
730.000
727.000
725.000
730.000
723.000
719.000
719.000
723.000
724.000
719.000
717.000
716.000
711.000
712.000
718.000
715.000
719.000
716.000
715.000
715.000
718.000
715.000
713.000
711.000
718.000
708.000
717.000
718.000
714.000
716.000
720.000
715.000
728.000
715.000
713.000
714.000
719.000
719.000
718.000
720.000
715.000
724.000
715.000
719.000
725.000
724.000
720.000
717.000
714.000
721.000
719.000
715.000
716.000
719.000
723.000
719.000
716.000
718.000
714.000
719.000
719.000
719.000
718.000
716.000
718.000
718.000
724.000
720.000
720.000
716.000
720.000
714.000
719.000
722.000
718.000
717.000
720.000
719.000
721.000
712.000
715.000
716.000
720.000
717.000
718.000
720.000
719.000
721.000
723.000
726.000
730.000
722.000
735.000
727.000
736.000
727.000
723.000
720.000
713.000
715.000
716.000
704.000
712.000
711.000
712.000
715.000
711.000
708.000
714.000
710.000
710.000
708.000
709.000
708.000
711.000
717.000
709.000
708.000
709.000
704.000
709.000
707.000
705.000
708.000
714.000
708.000
702.000
710.000
707.000
704.000
706.000
710.000
707.000
705.000
707.000
705.000
711.000
710.000
707.000
706.000
706.000
710.000
706.000
708.000
703.000
707.000
709.000
707.000
706.000
709.000
703.000
708.000
706.000
707.000
707.000
705.000
709.000
709.000
706.000
705.000
709.000
707.000
701.000
712.000
706.000
709.000
707.000
708.000
706.000
706.000
708.000
708.000
711.000
704.000
709.000
711.000
711.000
707.000
708.000
708.000
707.000
702.000
710.000
707.000
708.000
708.000
705.000
707.000
708.000
709.000
707.000
711.000
705.000
708.000
712.000
710.000
705.000
704.000
706.000
705.000
706.000
707.000
706.000
702.000
706.000
707.000
705.000
705.000
707.000
706.000
715.000
709.000
710.000
719.000
714.000
710.000
712.000
714.000
711.000
708.000
707.000
706.000
709.000
705.000
708.000
706.000
710.000
708.000
708.000
706.000
705.000
707.000
706.000
707.000
705.000
709.000
702.000
704.000
707.000
706.000
705.000
707.000
702.000
704.000
707.000
703.000
709.000
705.000
704.000
702.000
710.000
706.000
706.000
708.000
704.000
710.000
708.000
708.000
705.000
705.000
704.000
705.000
703.000
704.000
704.000
708.000
706.000
704.000
706.000
709.000
707.000
707.000
707.000
704.000
704.000
703.000
704.000
705.000
709.000
704.000
703.000
702.000
704.000
703.000
702.000
705.000
707.000
708.000
707.000
702.000
699.000
710.000
703.000
705.000
701.000
702.000
702.000
702.000
701.000
700.000
699.000
700.000
693.000
693.000
697.000
695.000
