712.000
700.000
694.000
693.000
695.000
697.000
702.000
697.000
698.000
700.000
702.000
698.000
699.000
695.000
699.000
703.000
699.000
703.000
703.000
701.000
699.000
700.000
698.000
702.000
696.000
699.000
701.000
700.000
697.000
698.000
696.000
701.000
702.000
695.000
700.000
698.000
697.000
700.000
699.000
695.000
702.000
696.000
702.000
704.000
703.000
703.000
703.000
699.000
702.000
697.000
703.000
702.000
698.000
700.000
699.000
702.000
702.000
697.000
697.000
700.000
698.000
702.000
702.000
702.000
698.000
701.000
698.000
702.000
700.000
701.000
701.000
696.000
700.000
700.000
699.000
698.000
700.000
701.000
702.000
699.000
696.000
700.000
701.000
701.000
701.000
699.000
698.000
695.000
697.000
701.000
701.000
700.000
700.000
702.000
702.000
696.000
697.000
704.000
701.000
696.000
697.000
699.000
700.000
699.000
699.000
703.000
707.000
700.000
701.000
698.000
706.000
697.000
698.000
701.000
700.000
701.000
700.000
700.000
704.000
698.000
701.000
699.000
700.000
699.000
700.000
701.000
699.000
698.000
700.000
701.000
701.000
700.000
696.000
698.000
698.000
703.000
695.000
703.000
700.000
707.000
704.000
697.000
700.000
703.000
699.000
698.000
702.000
699.000
702.000
701.000
699.000
698.000
698.000
697.000
702.000
705.000
699.000
702.000
699.000
704.000
701.000
697.000
704.000
703.000
702.000
702.000
699.000
702.000
698.000
698.000
703.000
698.000
700.000
700.000
701.000
702.000
697.000
704.000
701.000
702.000
701.000
697.000
702.000
702.000
700.000
701.000
699.000
698.000
705.000
695.000
703.000
701.000
700.000
698.000
697.000
701.000
700.000
703.000
693.000
701.000
699.000
698.000
700.000
701.000
703.000
702.000
704.000
706.000
703.000
701.000
699.000
703.000
695.000
698.000
706.000
701.000
697.000
698.000
700.000
703.000
699.000
704.000
697.000
701.000
701.000
703.000
698.000
700.000
701.000
702.000
702.000
701.000
702.000
702.000
705.000
700.000
700.000
701.000
698.000
702.000
699.000
701.000
704.000
699.000
702.000
707.000
702.000
698.000
698.000
702.000
702.000
702.000
701.000
702.000
703.000
698.000
700.000
701.000
698.000
700.000
700.000
706.000
702.000
707.000
723.000
702.000
745.000
705.000
701.000
701.000
702.000
703.000
699.000
703.000
705.000
703.000
702.000
708.000
701.000
704.000
704.000
706.000
703.000
705.000
710.000
704.000
706.000
715.000
703.000
709.000
713.000
711.000
708.000
711.000
708.000
708.000
714.000
715.000
721.000
717.000
725.000
721.000
730.000
736.000
729.000
735.000
746.000
756.000
762.000
771.000
774.000
772.000
761.000
760.000
750.000
747.000
749.000
740.000
742.000
742.000
740.000
746.000
741.000
744.000
750.000
747.000
752.000
741.000
746.000
747.000
747.000
750.000
770.000
825.000
849.000
838.000
791.000
749.000
744.000
745.000
742.000
743.000
738.000
742.000
731.000
736.000
733.000
735.000
732.000
734.000
731.000
727.000
724.000
724.000
719.000
720.000
723.000
729.000
723.000
717.000
721.000
716.000
715.000
716.000
714.000
716.000
709.000
716.000
713.000
709.000
707.000
713.000
714.000
714.000
709.000
715.000
714.000
715.000
710.000
707.000
706.000
708.000
706.000
710.000
709.000
703.000
708.000
705.000
701.000
707.000
708.000
707.000
705.000
704.000
716.000
712.000
709.000
712.000
710.000
706.000
701.000
708.000
709.000
701.000
709.000
706.000
707.000
703.000
709.000
705.000
708.000
704.000
708.000
708.000
708.000
705.000
702.000
704.000
706.000
708.000
705.000
705.000
701.000
709.000
706.000
704.000
704.000
703.000
710.000
699.000
706.000
709.000
708.000
707.000
703.000
706.000
707.000
704.000
706.000
703.000
706.000
702.000
707.000
705.000
706.000
710.000
705.000
705.000
706.000
709.000
705.000
703.000
706.000
707.000
708.000
705.000
709.000
705.000
707.000
705.000
715.000
708.000
705.000
705.000
711.000
704.000
704.000
709.000
710.000
707.000
712.000
705.000
710.000
703.000
704.000
706.000
709.000
703.000
706.000
714.000
707.000
707.000
705.000
705.000
705.000
704.000
708.000
704.000
709.000
707.000
705.000
710.000
707.000
709.000
711.000
711.000
708.000
708.000
708.000
708.000
707.000
708.000
707.000
707.000
710.000
712.000
713.000
709.000
710.000
727.000
745.000
720.000
713.000
710.000
711.000
710.000
707.000
712.000
707.000
706.000
710.000
721.000
739.000
720.000
715.000
711.000
713.000
714.000
711.000
724.000
725.000
715.000
717.000
714.000
712.000
710.000
716.000
717.000
717.000
716.000
722.000
725.000
721.000
718.000
721.000
726.000
724.000
722.000
726.000
727.000
722.000
723.000
723.000
722.000
723.000
724.000
723.000
724.000
717.000
716.000
721.000
723.000
720.000
713.000
720.000
716.000
723.000
722.000
728.000
741.000
741.000
738.000
732.000
724.000
721.000
718.000
719.000
714.000
715.000
716.000
714.000
712.000
716.000
713.000
708.000
713.000
715.000
721.000
711.000
716.000
712.000
715.000
717.000
717.000
720.000
718.000
712.000
720.000
719.000
725.000
717.000
722.000
726.000
724.000
731.000
728.000
730.000
726.000
718.000
722.000
709.000
722.000
717.000
709.000
716.000
714.000
714.000
712.000
715.000
715.000
716.000
711.000
712.000
713.000
714.000
711.000
714.000
710.000
712.000
713.000
712.000
714.000
714.000
716.000
717.000
713.000
712.000
718.000
717.000
718.000
719.000
721.000
724.000
719.000
723.000
713.000
718.000
718.000
717.000
713.000
715.000
712.000
711.000
711.000
710.000
709.000
709.000
709.000
710.000
710.000
713.000
713.000
710.000
712.000
712.000
706.000
708.000
716.000
714.000
715.000
713.000
715.000
711.000
712.000
739.000
707.000
708.000
709.000
717.000
711.000
713.000
713.000
718.000
713.000
714.000
713.000
716.000
711.000
708.000
720.000
717.000
720.000
717.000
713.000
719.000
715.000
723.000
723.000
722.000
725.000
727.000
733.000
731.000
732.000
745.000
752.000
770.000
773.000
806.000
856.000
919.000
953.000
947.000
915.000
861.000
817.000
799.000
790.000
776.000
771.000
766.000
762.000
759.000
760.000
750.000
748.000
753.000
750.000
746.000
757.000
745.000
752.000
744.000
739.000
738.000
732.000
742.000
725.000
733.000
729.000
729.000
724.000
720.000
722.000
723.000
719.000
721.000
723.000
717.000
710.000
718.000
710.000
720.000
709.000
717.000
716.000
717.000
709.000
717.000
714.000
718.000
716.000
713.000
712.000
720.000
717.000
718.000
714.000
714.000
716.000
722.000
717.000
716.000
713.000
719.000
714.000
719.000
716.000
713.000
714.000
715.000
718.000
717.000
722.000
714.000
718.000
715.000
718.000
727.000
714.000
717.000
715.000
720.000
717.000
716.000
715.000
717.000
713.000
718.000
720.000
719.000
714.000
718.000
717.000
721.000
715.000
718.000
724.000
718.000
716.000
715.000
709.000
719.000
718.000
721.000
714.000
710.000
716.000
712.000
709.000
720.000
716.000
717.000
716.000
722.000
717.000
719.000
719.000
728.000
729.000
731.000
732.000
726.000
722.000
727.000
723.000
712.000
714.000
714.000
708.000
708.000
712.000
708.000
705.000
712.000
707.000
708.000
708.000
705.000
705.000
707.000
710.000
704.000
714.000
705.000
706.000
704.000
703.000
708.000
707.000
707.000
704.000
707.000
706.000
708.000
704.000
703.000
702.000
702.000
704.000
705.000
702.000
708.000
709.000
702.000
704.000
706.000
705.000
708.000
708.000
703.000
706.000
702.000
704.000
707.000
704.000
705.000
709.000
702.000
702.000
705.000
705.000
703.000
705.000
706.000
706.000
709.000
702.000
704.000
703.000
701.000
706.000
709.000
707.000
705.000
707.000
708.000
705.000
704.000
709.000
708.000
703.000
703.000
707.000
704.000
703.000
707.000
705.000
710.000
706.000
702.000
706.000
710.000
705.000
706.000
704.000
706.000
706.000
704.000
703.000
704.000
706.000
701.000
700.000
705.000
703.000
704.000
704.000
705.000
705.000
704.000
705.000
704.000
705.000
706.000
704.000
704.000
707.000
707.000
710.000
709.000
714.000
710.000
709.000
706.000
710.000
707.000
702.000
706.000
706.000
708.000
704.000
704.000
709.000
705.000
710.000
709.000
704.000
704.000
707.000
706.000
701.000
707.000
709.000
705.000
699.000
703.000
709.000
706.000
705.000
704.000
706.000
703.000
705.000
702.000
705.000
706.000
706.000
708.000
705.000
704.000
702.000
700.000
708.000
700.000
703.000
700.000
706.000
704.000
706.000
706.000
703.000
709.000
702.000
704.000
702.000
706.000
704.000
703.000
703.000
708.000
703.000
700.000
701.000
704.000
698.000
703.000
707.000
706.000
699.000
705.000
702.000
705.000
701.000
707.000
701.000
709.000
707.000
704.000
706.000
704.000
702.000
707.000
702.000
705.000
703.000
701.000
700.000
700.000
699.000
691.000
691.000
698.000
693.000
