719.000
699.000
696.000
694.000
706.000
713.000
717.000
722.000
722.000
722.000
714.000
732.000
720.000
719.000
722.000
730.000
724.000
729.000
728.000
720.000
722.000
723.000
723.000
726.000
721.000
718.000
727.000
727.000
722.000
726.000
729.000
724.000
726.000
722.000
725.000
726.000
724.000
725.000
721.000
723.000
725.000
728.000
734.000
724.000
721.000
728.000
726.000
721.000
725.000
726.000
722.000
723.000
720.000
730.000
719.000
727.000
725.000
727.000
728.000
718.000
719.000
722.000
730.000
729.000
723.000
729.000
721.000
727.000
729.000
721.000
726.000
725.000
722.000
723.000
729.000
724.000
717.000
723.000
725.000
728.000
727.000
731.000
736.000
720.000
725.000
728.000
720.000
722.000
727.000
733.000
727.000
727.000
725.000
726.000
732.000
720.000
719.000
727.000
720.000
721.000
718.000
722.000
725.000
727.000
735.000
721.000
723.000
727.000
722.000
729.000
736.000
727.000
729.000
718.000
720.000
726.000
728.000
726.000
726.000
717.000
732.000
726.000
724.000
734.000
724.000
731.000
732.000
726.000
731.000
723.000
739.000
726.000
722.000
725.000
720.000
725.000
722.000
735.000
725.000
768.000
730.000
732.000
726.000
729.000
728.000
724.000
734.000
724.000
726.000
722.000
722.000
719.000
719.000
727.000
725.000
726.000
724.000
724.000
724.000
733.000
730.000
723.000
736.000
729.000
722.000
724.000
728.000
730.000
727.000
719.000
725.000
731.000
730.000
727.000
730.000
733.000
730.000
726.000
726.000
727.000
731.000
719.000
724.000
726.000
725.000
724.000
724.000
730.000
728.000
728.000
726.000
732.000
725.000
734.000
725.000
727.000
728.000
740.000
728.000
730.000
735.000
722.000
728.000
733.000
735.000
735.000
732.000
739.000
726.000
727.000
730.000
728.000
729.000
725.000
731.000
733.000
725.000
726.000
733.000
730.000
733.000
736.000
722.000
723.000
738.000
731.000
735.000
727.000
731.000
731.000
737.000
739.000
728.000
734.000
738.000
737.000
734.000
730.000
732.000
728.000
738.000
729.000
730.000
732.000
737.000
737.000
734.000
731.000
733.000
740.000
727.000
730.000
742.000
740.000
738.000
740.000
730.000
734.000
750.000
746.000
731.000
741.000
736.000
749.000
824.000
746.000
870.000
741.000
736.000
740.000
732.000
742.000
740.000
741.000
737.000
737.000
737.000
746.000
745.000
742.000
741.000
743.000
743.000
752.000
757.000
749.000
756.000
764.000
766.000
769.000
763.000
770.000
769.000
771.000
781.000
765.000
779.000
786.000
794.000
801.000
824.000
838.000
845.000
849.000
849.000
891.000
915.000
965.000
1000.000
1019.000
1016.000
1007.000
992.000
964.000
934.000
928.000
909.000
907.000
912.000
910.000
921.000
927.000
922.000
907.000
918.000
922.000
944.000
921.000
913.000
924.000
930.000
931.000
982.000
1233.000
1323.000
1302.000
1094.000
938.000
915.000
921.000
894.000
909.000
896.000
883.000
880.000
884.000
868.000
858.000
857.000
841.000
849.000
835.000
831.000
834.000
825.000
828.000
820.000
822.000
815.000
809.000
808.000
804.000
813.000
798.000
787.000
785.000
790.000
791.000
785.000
779.000
788.000
779.000
776.000
773.000
772.000
785.000
764.000
773.000
778.000
776.000
764.000
766.000
762.000
764.000
764.000
764.000
769.000
762.000
758.000
753.000
758.000
760.000
760.000
760.000
802.000
757.000
753.000
750.000
760.000
760.000
754.000
754.000
755.000
755.000
765.000
755.000
757.000
750.000
756.000
762.000
751.000
753.000
763.000
758.000
754.000
762.000
750.000
757.000
757.000
758.000
757.000
759.000
752.000
760.000
756.000
756.000
752.000
755.000
761.000
751.000
758.000
755.000
748.000
757.000
749.000
758.000
748.000
759.000
756.000
747.000
761.000
756.000
750.000
748.000
752.000
750.000
751.000
750.000
755.000
751.000
756.000
756.000
751.000
751.000
771.000
750.000
759.000
757.000
750.000
747.000
772.000
746.000
752.000
762.000
751.000
757.000
749.000
756.000
752.000
758.000
765.000
751.000
762.000
762.000
753.000
753.000
755.000
760.000
754.000
777.000
756.000
750.000
754.000
749.000
753.000
753.000
748.000
748.000
763.000
755.000
752.000
763.000
756.000
757.000
754.000
757.000
759.000
745.000
758.000
756.000
753.000
766.000
761.000
762.000
765.000
757.000
762.000
761.000
770.000
835.000
909.000
792.000
779.000
767.000
768.000
769.000
767.000
759.000
760.000
762.000
768.000
819.000
893.000
822.000
782.000
770.000
767.000
776.000
783.000
811.000
828.000
808.000
783.000
787.000
777.000
786.000
784.000
798.000
797.000
798.000
805.000
808.000
820.000
813.000
825.000
823.000
806.000
806.000
813.000
822.000
811.000
805.000
811.000
823.000
810.000
808.000
819.000
810.000
813.000
810.000
800.000
809.000
797.000
795.000
798.000
797.000
802.000
816.000
834.000
890.000
889.000
879.000
849.000
820.000
803.000
794.000
796.000
786.000
781.000
784.000
783.000
779.000
777.000
782.000
780.000
787.000
778.000
780.000
781.000
787.000
786.000
779.000
791.000
784.000
781.000
793.000
791.000
796.000
798.000
802.000
809.000
812.000
822.000
843.000
850.000
852.000
836.000
817.000
794.000
781.000
790.000
779.000
783.000
770.000
787.000
784.000
772.000
779.000
774.000
765.000
778.000
776.000
766.000
777.000
769.000
776.000
777.000
772.000
773.000
776.000
775.000
774.000
784.000
771.000
779.000
778.000
780.000
783.000
786.000
794.000
811.000
790.000
801.000
804.000
800.000
790.000
796.000
775.000
775.000
779.000
766.000
774.000
770.000
769.000
767.000
761.000
766.000
773.000
754.000
756.000
763.000
762.000
760.000
761.000
770.000
759.000
761.000
761.000
777.000
764.000
759.000
769.000
758.000
765.000
878.000
763.000
764.000
767.000
770.000
769.000
774.000
766.000
773.000
760.000
774.000
776.000
773.000
781.000
773.000
786.000
768.000
798.000
782.000
781.000
783.000
796.000
799.000
810.000
809.000
806.000
823.000
844.000
855.000
872.000
900.000
926.000
979.000
1042.000
1158.000
1373.000
1597.000
1777.000
1743.000
1573.000
1378.000
1226.000
1114.000
1059.000
1012.000
986.000
994.000
971.000
981.000
952.000
940.000
926.000
927.000
920.000
912.000
921.000
935.000
923.000
914.000
894.000
882.000
864.000
863.000
846.000
834.000
830.000
810.000
823.000
810.000
806.000
803.000
795.000
796.000
787.000
783.000
784.000
789.000
777.000
789.000
781.000
780.000
778.000
769.000
775.000
780.000
779.000
772.000
777.000
782.000
783.000
785.000
789.000
788.000
786.000
780.000
804.000
807.000
786.000
791.000
791.000
779.000
782.000
792.000
785.000
788.000
787.000
779.000
789.000
795.000
796.000
793.000
785.000
792.000
796.000
788.000
804.000
797.000
789.000
794.000
790.000
794.000
792.000
792.000
792.000
796.000
796.000
802.000
788.000
796.000
797.000
798.000
790.000
792.000
785.000
787.000
789.000
790.000
784.000
787.000
780.000
789.000
778.000
782.000
787.000
782.000
785.000
789.000
772.000
781.000
801.000
787.000
795.000
793.000
812.000
838.000
837.000
848.000
863.000
854.000
823.000
823.000
805.000
780.000
775.000
769.000
760.000
760.000
757.000
758.000
755.000
753.000
753.000
759.000
757.000
752.000
754.000
754.000
743.000
746.000
772.000
741.000
746.000
739.000
745.000
745.000
749.000
749.000
746.000
756.000
751.000
764.000
739.000
741.000
741.000
745.000
742.000
750.000
748.000
746.000
745.000
742.000
744.000
740.000
748.000
747.000
750.000
739.000
746.000
743.000
743.000
744.000
750.000
742.000
742.000
750.000
744.000
749.000
735.000
743.000
739.000
742.000
755.000
741.000
740.000
750.000
747.000
746.000
745.000
742.000
749.000
747.000
748.000
750.000
746.000
750.000
762.000
761.000
751.000
745.000
745.000
742.000
735.000
746.000
755.000
750.000
751.000
754.000
745.000
748.000
744.000
746.000
753.000
743.000
748.000
749.000
756.000
752.000
744.000
749.000
742.000
748.000
744.000
741.000
751.000
751.000
743.000
744.000
746.000
738.000
745.000
752.000
746.000
752.000
760.000
772.000
770.000
768.000
770.000
767.000
764.000
758.000
757.000
761.000
753.000
752.000
747.000
752.000
742.000
749.000
751.000
740.000
755.000
761.000
754.000
748.000
747.000
748.000
740.000
745.000
750.000
743.000
743.000
745.000
738.000
742.000
749.000
745.000
749.000
744.000
744.000
741.000
738.000
749.000
739.000
741.000
737.000
742.000
750.000
742.000
745.000
741.000
738.000
746.000
746.000
753.000
740.000
744.000
735.000
745.000
746.000
740.000
740.000
737.000
742.000
741.000
737.000
748.000
734.000
735.000
742.000
737.000
733.000
734.000
742.000
737.000
727.000
737.000
732.000
743.000
739.000
745.000
749.000
746.000
747.000
736.000
749.000
737.000
742.000
737.000
745.000
735.000
733.000
729.000
731.000
728.000
733.000
696.000
693.000
695.000
693.000
