714.000
695.000
695.000
688.000
695.000
697.000
695.000
701.000
697.000
701.000
699.000
701.000
695.000
696.000
701.000
700.000
702.000
701.000
701.000
701.000
703.000
701.000
701.000
700.000
700.000
696.000
701.000
702.000
701.000
701.000
702.000
699.000
702.000
697.000
701.000
698.000
702.000
705.000
699.000
705.000
704.000
705.000
707.000
702.000
701.000
702.000
698.000
699.000
700.000
704.000
706.000
699.000
700.000
707.000
697.000
700.000
701.000
700.000
704.000
699.000
697.000
700.000
700.000
703.000
704.000
698.000
699.000
701.000
703.000
703.000
702.000
699.000
700.000
702.000
701.000
703.000
703.000
699.000
699.000
704.000
700.000
699.000
705.000
701.000
703.000
704.000
700.000
697.000
703.000
700.000
701.000
700.000
699.000
700.000
699.000
700.000
697.000
704.000
703.000
704.000
703.000
698.000
703.000
700.000
707.000
701.000
702.000
700.000
700.000
703.000
706.000
700.000
700.000
698.000
701.000
701.000
702.000
698.000
699.000
698.000
703.000
701.000
700.000
705.000
698.000
700.000
701.000
699.000
706.000
698.000
706.000
699.000
699.000
702.000
705.000
699.000
700.000
702.000
706.000
710.000
698.000
701.000
704.000
705.000
700.000
699.000
704.000
704.000
698.000
703.000
696.000
700.000
699.000
702.000
705.000
699.000
702.000
697.000
699.000
701.000
700.000
698.000
704.000
697.000
700.000
697.000
697.000
703.000
700.000
699.000
703.000
700.000
700.000
702.000
698.000
700.000
699.000
701.000
700.000
699.000
698.000
701.000
704.000
704.000
704.000
701.000
704.000
699.000
707.000
701.000
698.000
702.000
698.000
698.000
704.000
702.000
702.000
701.000
699.000
699.000
699.000
698.000
706.000
700.000
701.000
705.000
702.000
702.000
701.000
699.000
700.000
698.000
701.000
700.000
702.000
701.000
704.000
701.000
703.000
700.000
701.000
700.000
699.000
702.000
701.000
703.000
703.000
700.000
701.000
701.000
700.000
701.000
700.000
702.000
705.000
702.000
706.000
703.000
704.000
702.000
700.000
702.000
705.000
698.000
708.000
704.000
702.000
698.000
702.000
703.000
702.000
697.000
707.000
704.000
703.000
705.000
701.000
701.000
708.000
705.000
702.000
706.000
705.000
703.000
724.000
707.000
739.000
703.000
702.000
706.000
707.000
706.000
704.000
703.000
702.000
702.000
703.000
704.000
707.000
709.000
703.000
706.000
707.000
706.000
712.000
705.000
708.000
714.000
707.000
713.000
714.000
716.000
713.000
712.000
712.000
712.000
716.000
712.000
714.000
722.000
722.000
725.000
722.000
737.000
738.000
740.000
742.000
752.000
775.000
776.000
774.000
773.000
762.000
763.000
753.000
753.000
750.000
746.000
740.000
749.000
750.000
755.000
745.000
752.000
752.000
750.000
749.000
750.000
746.000
748.000
742.000
747.000
768.000
821.000
848.000
844.000
793.000
752.000
743.000
742.000
742.000
743.000
742.000
743.000
739.000
737.000
731.000
732.000
733.000
727.000
729.000
728.000
727.000
718.000
721.000
727.000
725.000
726.000
721.000
721.000
720.000
723.000
717.000
713.000
714.000
716.000
713.000
713.000
716.000
714.000
710.000
719.000
716.000
714.000
716.000
716.000
716.000
711.000
714.000
713.000
711.000
710.000
711.000
706.000
707.000
710.000
709.000
710.000
706.000
703.000
709.000
711.000
707.000
709.000
718.000
709.000
707.000
704.000
713.000
708.000
706.000
708.000
708.000
708.000
709.000
705.000
707.000
705.000
709.000
711.000
709.000
707.000
710.000
708.000
712.000
714.000
703.000
708.000
708.000
707.000
705.000
709.000
708.000
709.000
706.000
709.000
708.000
709.000
713.000
708.000
711.000
707.000
704.000
707.000
710.000
710.000
706.000
707.000
706.000
702.000
707.000
706.000
709.000
709.000
705.000
704.000
708.000
711.000
710.000
707.000
708.000
709.000
706.000
707.000
709.000
710.000
710.000
715.000
707.000
705.000
713.000
708.000
713.000
710.000
704.000
708.000
709.000
707.000
705.000
707.000
710.000
710.000
711.000
704.000
708.000
707.000
704.000
710.000
708.000
721.000
706.000
706.000
710.000
707.000
707.000
706.000
704.000
709.000
712.000
706.000
708.000
710.000
706.000
708.000
709.000
711.000
709.000
707.000
707.000
714.000
709.000
712.000
711.000
709.000
711.000
707.000
711.000
709.000
710.000
732.000
742.000
719.000
714.000
709.000
716.000
714.000
709.000
713.000
704.000
712.000
713.000
722.000
744.000
720.000
713.000
719.000
715.000
714.000
715.000
722.000
727.000
720.000
712.000
714.000
710.000
713.000
714.000
717.000
717.000
722.000
723.000
719.000
720.000
726.000
723.000
725.000
718.000
722.000
722.000
725.000
721.000
722.000
721.000
725.000
721.000
722.000
727.000
721.000
724.000
718.000
721.000
723.000
717.000
723.000
717.000
720.000
720.000
724.000
725.000
744.000
744.000
746.000
730.000
731.000
720.000
718.000
714.000
715.000
716.000
713.000
715.000
713.000
708.000
719.000
717.000
718.000
717.000
720.000
712.000
721.000
712.000
721.000
714.000
720.000
713.000
717.000
720.000
722.000
720.000
718.000
717.000
723.000
731.000
733.000
734.000
729.000
725.000
722.000
718.000
724.000
719.000
719.000
716.000
715.000
716.000
721.000
716.000
711.000
720.000
710.000
712.000
713.000
712.000
715.000
715.000
716.000
709.000
715.000
714.000
716.000
716.000
715.000
717.000
714.000
717.000
715.000
716.000
718.000
715.000
718.000
725.000
717.000
725.000
722.000
723.000
718.000
715.000
716.000
714.000
715.000
711.000
713.000
717.000
713.000
712.000
713.000
715.000
710.000
714.000
709.000
711.000
711.000
714.000
708.000
710.000
714.000
708.000
711.000
712.000
708.000
710.000
714.000
712.000
713.000
738.000
715.000
711.000
713.000
715.000
713.000
716.000
713.000
716.000
709.000
713.000
712.000
717.000
715.000
713.000
713.000
718.000
719.000
711.000
714.000
715.000
716.000
722.000
718.000
724.000
722.000
723.000
737.000
732.000
736.000
747.000
750.000
768.000
776.000
807.000
877.000
923.000
961.000
951.000
893.000
853.000
830.000
800.000
785.000
769.000
770.000
769.000
762.000
764.000
752.000
760.000
750.000
756.000
754.000
750.000
747.000
749.000
748.000
751.000
748.000
737.000
739.000
736.000
734.000
730.000
730.000
724.000
727.000
719.000
717.000
723.000
720.000
722.000
714.000
713.000
717.000
712.000
713.000
718.000
714.000
719.000
715.000
716.000
718.000
715.000
719.000
717.000
718.000
717.000
710.000
715.000
719.000
713.000
717.000
714.000
717.000
722.000
720.000
721.000
715.000
716.000
717.000
718.000
719.000
713.000
717.000
719.000
719.000
722.000
715.000
718.000
714.000
718.000
718.000
719.000
719.000
718.000
718.000
720.000
721.000
719.000
718.000
725.000
717.000
721.000
720.000
719.000
712.000
717.000
716.000
714.000
718.000
716.000
722.000
720.000
716.000
722.000
717.000
716.000
718.000
721.000
717.000
716.000
712.000
718.000
715.000
717.000
717.000
717.000
719.000
718.000
723.000
722.000
722.000
728.000
725.000
736.000
739.000
733.000
726.000
724.000
722.000
720.000
716.000
717.000
715.000
714.000
708.000
707.000
709.000
712.000
713.000
710.000
706.000
708.000
706.000
710.000
706.000
706.000
710.000
706.000
709.000
708.000
711.000
706.000
709.000
707.000
709.000
709.000
707.000
710.000
706.000
707.000
710.000
709.000
707.000
708.000
703.000
704.000
711.000
706.000
704.000
706.000
705.000
706.000
705.000
704.000
710.000
709.000
703.000
704.000
711.000
707.000
704.000
710.000
708.000
702.000
709.000
702.000
706.000
705.000
706.000
704.000
705.000
709.000
705.000
703.000
710.000
703.000
707.000
703.000
707.000
710.000
707.000
703.000
708.000
710.000
706.000
708.000
708.000
709.000
701.000
709.000
708.000
707.000
707.000
709.000
709.000
707.000
709.000
703.000
707.000
706.000
707.000
708.000
710.000
708.000
706.000
710.000
704.000
709.000
706.000
707.000
705.000
710.000
708.000
703.000
707.000
703.000
706.000
707.000
708.000
707.000
706.000
713.000
715.000
711.000
718.000
705.000
709.000
711.000
711.000
705.000
702.000
707.000
708.000
712.000
704.000
705.000
711.000
704.000
707.000
707.000
705.000
707.000
703.000
708.000
707.000
707.000
705.000
707.000
705.000
706.000
698.000
707.000
708.000
704.000
704.000
714.000
704.000
705.000
704.000
708.000
705.000
706.000
701.000
708.000
705.000
699.000
707.000
708.000
707.000
706.000
708.000
711.000
701.000
703.000
702.000
707.000
704.000
707.000
705.000
700.000
705.000
707.000
706.000
709.000
702.000
708.000
708.000
704.000
705.000
707.000
708.000
705.000
702.000
703.000
702.000
700.000
706.000
707.000
706.000
707.000
705.000
704.000
708.000
701.000
705.000
704.000
703.000
699.000
705.000
700.000
704.000
702.000
698.000
691.000
693.000
691.000
696.000
