716.000
697.000
690.000
693.000
695.000
703.000
696.000
697.000
701.000
699.000
698.000
703.000
693.000
704.000
702.000
703.000
703.000
698.000
702.000
702.000
699.000
699.000
702.000
703.000
700.000
700.000
704.000
700.000
703.000
699.000
703.000
702.000
704.000
703.000
706.000
700.000
697.000
701.000
700.000
702.000
699.000
702.000
704.000
704.000
705.000
701.000
699.000
702.000
697.000
703.000
704.000
705.000
707.000
701.000
701.000
704.000
703.000
700.000
700.000
700.000
702.000
706.000
702.000
699.000
705.000
703.000
701.000
703.000
704.000
704.000
703.000
699.000
701.000
698.000
701.000
698.000
699.000
701.000
704.000
701.000
699.000
705.000
698.000
700.000
702.000
700.000
704.000
704.000
699.000
699.000
701.000
698.000
701.000
703.000
706.000
703.000
702.000
703.000
706.000
701.000
700.000
705.000
700.000
701.000
702.000
701.000
700.000
703.000
703.000
704.000
702.000
699.000
703.000
700.000
701.000
708.000
702.000
705.000
702.000
700.000
704.000
700.000
701.000
704.000
706.000
703.000
701.000
704.000
702.000
700.000
701.000
702.000
702.000
701.000
704.000
702.000
707.000
702.000
704.000
713.000
703.000
704.000
702.000
705.000
706.000
703.000
699.000
702.000
700.000
699.000
704.000
704.000
704.000
702.000
705.000
702.000
702.000
700.000
701.000
706.000
701.000
698.000
700.000
704.000
699.000
703.000
696.000
699.000
699.000
703.000
703.000
703.000
706.000
698.000
702.000
703.000
699.000
702.000
701.000
705.000
701.000
704.000
700.000
702.000
703.000
700.000
701.000
703.000
701.000
707.000
701.000
704.000
701.000
705.000
704.000
701.000
699.000
701.000
701.000
705.000
705.000
697.000
705.000
701.000
707.000
702.000
706.000
706.000
706.000
697.000
702.000
704.000
702.000
702.000
701.000
702.000
702.000
698.000
700.000
704.000
706.000
702.000
702.000
699.000
700.000
702.000
704.000
704.000
703.000
706.000
707.000
701.000
704.000
706.000
701.000
705.000
704.000
703.000
703.000
704.000
706.000
704.000
704.000
700.000
705.000
704.000
704.000
704.000
706.000
700.000
699.000
703.000
706.000
709.000
698.000
701.000
706.000
703.000
707.000
706.000
701.000
704.000
699.000
705.000
721.000
709.000
745.000
705.000
704.000
703.000
705.000
704.000
707.000
707.000
702.000
702.000
704.000
704.000
704.000
703.000
708.000
705.000
703.000
710.000
708.000
711.000
712.000
713.000
712.000
716.000
716.000
709.000
713.000
715.000
710.000
710.000
718.000
715.000
720.000
714.000
724.000
726.000
736.000
734.000
732.000
741.000
745.000
761.000
762.000
777.000
769.000
775.000
767.000
761.000
763.000
749.000
751.000
747.000
749.000
745.000
752.000
744.000
751.000
750.000
742.000
747.000
752.000
747.000
757.000
751.000
747.000
746.000
769.000
828.000
851.000
854.000
793.000
752.000
750.000
746.000
741.000
750.000
739.000
736.000
742.000
736.000
733.000
734.000
732.000
736.000
736.000
727.000
723.000
727.000
728.000
720.000
726.000
723.000
728.000
725.000
723.000
716.000
723.000
717.000
718.000
722.000
717.000
717.000
712.000
713.000
710.000
715.000
713.000
713.000
717.000
716.000
708.000
717.000
716.000
709.000
711.000
712.000
711.000
711.000
714.000
708.000
714.000
708.000
709.000
708.000
707.000
709.000
706.000
715.000
722.000
699.000
707.000
706.000
708.000
710.000
707.000
706.000
708.000
705.000
711.000
707.000
708.000
708.000
709.000
706.000
707.000
711.000
707.000
712.000
707.000
710.000
710.000
708.000
702.000
710.000
711.000
709.000
709.000
708.000
709.000
712.000
710.000
708.000
709.000
707.000
708.000
709.000
706.000
708.000
708.000
706.000
708.000
709.000
710.000
703.000
708.000
709.000
710.000
706.000
704.000
712.000
711.000
706.000
706.000
707.000
711.000
709.000
706.000
707.000
707.000
707.000
714.000
707.000
707.000
708.000
710.000
708.000
709.000
709.000
707.000
712.000
708.000
712.000
710.000
707.000
711.000
710.000
713.000
709.000
709.000
708.000
712.000
709.000
707.000
709.000
709.000
706.000
708.000
707.000
707.000
708.000
711.000
708.000
712.000
702.000
712.000
711.000
708.000
710.000
708.000
708.000
710.000
710.000
710.000
709.000
713.000
711.000
710.000
713.000
714.000
709.000
705.000
710.000
714.000
732.000
743.000
724.000
712.000
714.000
709.000
713.000
710.000
710.000
713.000
711.000
709.000
727.000
744.000
719.000
719.000
714.000
712.000
713.000
722.000
724.000
733.000
722.000
717.000
720.000
712.000
721.000
715.000
719.000
717.000
717.000
719.000
722.000
718.000
724.000
724.000
727.000
721.000
726.000
730.000
726.000
729.000
725.000
721.000
725.000
723.000
717.000
721.000
720.000
728.000
723.000
720.000
722.000
723.000
716.000
723.000
720.000
723.000
722.000
728.000
749.000
749.000
746.000
734.000
721.000
724.000
718.000
725.000
720.000
719.000
717.000
716.000
715.000
712.000
717.000
718.000
721.000
720.000
715.000
715.000
715.000
719.000
720.000
723.000
716.000
714.000
715.000
725.000
716.000
724.000
724.000
720.000
726.000
725.000
729.000
730.000
729.000
731.000
726.000
722.000
717.000
719.000
720.000
713.000
720.000
710.000
717.000
710.000
716.000
715.000
711.000
714.000
714.000
714.000
716.000
716.000
714.000
715.000
716.000
712.000
711.000
714.000
713.000
717.000
717.000
718.000
716.000
721.000
718.000
718.000
721.000
725.000
722.000
717.000
723.000
714.000
721.000
719.000
714.000
718.000
713.000
712.000
716.000
714.000
714.000
711.000
709.000
712.000
714.000
709.000
712.000
716.000
712.000
710.000
714.000
717.000
717.000
714.000
707.000
718.000
713.000
715.000
711.000
713.000
712.000
743.000
710.000
713.000
711.000
716.000
713.000
717.000
711.000
715.000
711.000
710.000
714.000
711.000
714.000
719.000
716.000
713.000
722.000
720.000
712.000
719.000
717.000
722.000
724.000
723.000
725.000
729.000
733.000
733.000
735.000
742.000
752.000
767.000
787.000
814.000
862.000
925.000
970.000
949.000
906.000
870.000
823.000
800.000
785.000
777.000
766.000
777.000
762.000
762.000
760.000
750.000
754.000
754.000
744.000
750.000
758.000
753.000
748.000
748.000
752.000
748.000
740.000
732.000
736.000
731.000
727.000
726.000
731.000
721.000
724.000
721.000
723.000
720.000
719.000
720.000
717.000
716.000
720.000
721.000
714.000
720.000
715.000
713.000
721.000
720.000
720.000
717.000
715.000
721.000
718.000
721.000
714.000
716.000
714.000
719.000
716.000
728.000
723.000
719.000
716.000
714.000
716.000
715.000
715.000
724.000
716.000
714.000
721.000
721.000
714.000
720.000
717.000
714.000
717.000
720.000
718.000
720.000
720.000
721.000
719.000
718.000
721.000
721.000
720.000
717.000
718.000
716.000
721.000
721.000
721.000
721.000
721.000
716.000
716.000
718.000
716.000
716.000
714.000
718.000
717.000
716.000
711.000
720.000
718.000
714.000
716.000
720.000
716.000
712.000
718.000
715.000
721.000
721.000
725.000
732.000
733.000
734.000
732.000
734.000
722.000
725.000
725.000
714.000
711.000
714.000
711.000
712.000
710.000
708.000
717.000
711.000
707.000
711.000
708.000
712.000
707.000
710.000
712.000
710.000
715.000
704.000
708.000
705.000
712.000
706.000
708.000
710.000
706.000
709.000
704.000
704.000
705.000
703.000
711.000
709.000
708.000
709.000
703.000
711.000
714.000
702.000
704.000
706.000
706.000
706.000
708.000
706.000
705.000
701.000
711.000
708.000
714.000
706.000
710.000
709.000
705.000
709.000
705.000
706.000
707.000
704.000
707.000
704.000
705.000
707.000
711.000
708.000
707.000
704.000
714.000
707.000
707.000
705.000
709.000
708.000
713.000
707.000
715.000
709.000
705.000
707.000
707.000
703.000
713.000
706.000
708.000
709.000
708.000
707.000
708.000
706.000
704.000
707.000
706.000
705.000
709.000
707.000
705.000
706.000
706.000
709.000
705.000
706.000
706.000
708.000
707.000
707.000
706.000
709.000
704.000
706.000
708.000
710.000
710.000
714.000
715.000
714.000
716.000
709.000
713.000
710.000
706.000
707.000
705.000
710.000
710.000
708.000
707.000
707.000
708.000
710.000
709.000
707.000
709.000
708.000
701.000
705.000
711.000
707.000
708.000
701.000
709.000
708.000
703.000
707.000
708.000
705.000
707.000
707.000
703.000
707.000
708.000
712.000
702.000
709.000
705.000
703.000
704.000
702.000
704.000
706.000
710.000
709.000
702.000
708.000
708.000
707.000
711.000
705.000
709.000
707.000
703.000
710.000
706.000
710.000
708.000
708.000
702.000
705.000
705.000
704.000
700.000
697.000
709.000
705.000
705.000
705.000
703.000
710.000
701.000
708.000
706.000
707.000
706.000
705.000
706.000
710.000
710.000
702.000
702.000
699.000
703.000
701.000
704.000
703.000
704.000
697.000
692.000
692.000
691.000
