721.000
698.000
695.000
693.000
696.000
699.000
701.000
699.000
701.000
703.000
700.000
704.000
699.000
701.000
701.000
701.000
703.000
704.000
703.000
705.000
697.000
702.000
704.000
704.000
704.000
700.000
706.000
704.000
700.000
706.000
702.000
706.000
706.000
702.000
704.000
702.000
701.000
712.000
705.000
702.000
708.000
705.000
704.000
704.000
706.000
701.000
701.000
704.000
705.000
703.000
705.000
703.000
705.000
707.000
704.000
705.000
702.000
703.000
702.000
702.000
702.000
705.000
706.000
700.000
705.000
704.000
702.000
702.000
703.000
703.000
703.000
704.000
703.000
701.000
702.000
704.000
702.000
704.000
702.000
707.000
701.000
705.000
700.000
704.000
702.000
701.000
707.000
702.000
710.000
702.000
705.000
703.000
703.000
704.000
705.000
704.000
700.000
703.000
702.000
699.000
704.000
704.000
704.000
703.000
708.000
703.000
706.000
704.000
705.000
704.000
707.000
706.000
704.000
705.000
703.000
704.000
704.000
704.000
701.000
699.000
706.000
702.000
708.000
700.000
702.000
702.000
703.000
705.000
703.000
704.000
706.000
702.000
705.000
703.000
701.000
705.000
702.000
707.000
705.000
711.000
701.000
704.000
700.000
706.000
701.000
699.000
703.000
702.000
702.000
705.000
700.000
701.000
706.000
704.000
703.000
706.000
701.000
707.000
703.000
705.000
704.000
704.000
702.000
703.000
703.000
706.000
701.000
699.000
701.000
702.000
705.000
701.000
704.000
704.000
706.000
708.000
704.000
705.000
704.000
701.000
704.000
696.000
702.000
704.000
704.000
706.000
705.000
703.000
702.000
700.000
702.000
708.000
707.000
707.000
707.000
703.000
706.000
708.000
707.000
703.000
708.000
706.000
703.000
702.000
707.000
703.000
704.000
703.000
704.000
710.000
704.000
700.000
703.000
702.000
708.000
705.000
704.000
705.000
705.000
706.000
706.000
705.000
701.000
702.000
709.000
702.000
706.000
708.000
702.000
704.000
707.000
701.000
707.000
705.000
705.000
707.000
706.000
706.000
705.000
705.000
708.000
705.000
707.000
706.000
707.000
703.000
705.000
706.000
709.000
706.000
705.000
704.000
711.000
707.000
711.000
706.000
705.000
710.000
704.000
707.000
701.000
709.000
707.000
709.000
731.000
709.000
746.000
708.000
704.000
706.000
707.000
711.000
705.000
705.000
701.000
704.000
704.000
709.000
709.000
706.000
713.000
706.000
709.000
708.000
711.000
712.000
712.000
713.000
709.000
713.000
712.000
716.000
712.000
712.000
711.000
716.000
716.000
721.000
723.000
721.000
725.000
728.000
718.000
731.000
736.000
737.000
743.000
751.000
765.000
765.000
771.000
771.000
768.000
754.000
752.000
747.000
747.000
746.000
749.000
749.000
741.000
751.000
745.000
741.000
745.000
749.000
751.000
748.000
741.000
749.000
750.000
756.000
750.000
828.000
858.000
850.000
793.000
752.000
746.000
740.000
742.000
744.000
743.000
745.000
735.000
738.000
737.000
735.000
729.000
734.000
728.000
728.000
729.000
726.000
728.000
726.000
728.000
723.000
729.000
720.000
721.000
723.000
720.000
720.000
718.000
715.000
720.000
717.000
715.000
717.000
719.000
711.000
712.000
716.000
713.000
712.000
715.000
713.000
711.000
714.000
710.000
709.000
707.000
713.000
710.000
711.000
714.000
713.000
708.000
709.000
711.000
711.000
712.000
714.000
722.000
712.000
711.000
706.000
710.000
708.000
706.000
715.000
711.000
712.000
711.000
708.000
709.000
708.000
707.000
711.000
708.000
710.000
710.000
714.000
708.000
711.000
709.000
712.000
709.000
708.000
710.000
706.000
710.000
710.000
707.000
711.000
712.000
708.000
710.000
709.000
710.000
710.000
711.000
713.000
708.000
706.000
706.000
704.000
709.000
710.000
712.000
711.000
710.000
715.000
709.000
709.000
707.000
710.000
709.000
709.000
708.000
709.000
709.000
705.000
712.000
709.000
706.000
715.000
710.000
707.000
712.000
702.000
707.000
708.000
713.000
712.000
708.000
710.000
713.000
709.000
706.000
707.000
708.000
708.000
709.000
709.000
707.000
713.000
706.000
715.000
714.000
715.000
708.000
710.000
711.000
706.000
709.000
710.000
709.000
707.000
712.000
711.000
709.000
710.000
708.000
707.000
710.000
709.000
712.000
708.000
710.000
710.000
713.000
709.000
715.000
712.000
709.000
710.000
711.000
731.000
743.000
720.000
714.000
713.000
710.000
712.000
715.000
710.000
713.000
709.000
714.000
721.000
744.000
728.000
719.000
716.000
720.000
720.000
712.000
722.000
728.000
715.000
715.000
716.000
716.000
713.000
715.000
719.000
720.000
719.000
721.000
719.000
721.000
725.000
722.000
726.000
719.000
727.000
727.000
725.000
719.000
727.000
728.000
725.000
726.000
725.000
730.000
726.000
723.000
723.000
720.000
719.000
722.000
719.000
716.000
719.000
717.000
724.000
720.000
738.000
738.000
736.000
726.000
730.000
725.000
718.000
715.000
723.000
715.000
712.000
717.000
714.000
708.000
716.000
717.000
718.000
720.000
718.000
719.000
716.000
720.000
719.000
722.000
717.000
716.000
719.000
716.000
716.000
719.000
715.000
721.000
724.000
728.000
731.000
729.000
733.000
728.000
722.000
718.000
711.000
720.000
714.000
716.000
716.000
714.000
713.000
711.000
712.000
716.000
716.000
719.000
718.000
713.000
713.000
716.000
716.000
717.000
710.000
717.000
716.000
713.000
712.000
711.000
715.000
715.000
717.000
718.000
713.000
721.000
720.000
725.000
717.000
717.000
719.000
722.000
716.000
721.000
716.000
717.000
719.000
717.000
712.000
714.000
718.000
714.000
710.000
712.000
712.000
712.000
712.000
712.000
712.000
715.000
718.000
708.000
716.000
713.000
711.000
717.000
716.000
712.000
716.000
712.000
711.000
727.000
714.000
712.000
711.000
716.000
718.000
718.000
714.000
714.000
711.000
716.000
716.000
721.000
722.000
715.000
719.000
717.000
724.000
715.000
714.000
718.000
719.000
723.000
726.000
722.000
723.000
729.000
729.000
729.000
740.000
743.000
754.000
764.000
780.000
799.000
850.000
906.000
943.000
930.000
895.000
852.000
826.000
796.000
787.000
766.000
763.000
771.000
757.000
755.000
755.000
756.000
753.000
753.000
746.000
748.000
752.000
753.000
754.000
753.000
746.000
743.000
738.000
739.000
733.000
732.000
729.000
722.000
725.000
726.000
721.000
721.000
721.000
721.000
719.000
713.000
717.000
712.000
713.000
717.000
716.000
715.000
717.000
716.000
713.000
716.000
714.000
716.000
713.000
715.000
714.000
718.000
720.000
716.000
721.000
719.000
718.000
728.000
719.000
720.000
718.000
717.000
716.000
723.000
714.000
714.000
719.000
718.000
717.000
721.000
723.000
718.000
722.000
721.000
716.000
718.000
719.000
721.000
719.000
717.000
725.000
721.000
715.000
717.000
716.000
727.000
720.000
716.000
718.000
715.000
713.000
717.000
720.000
715.000
717.000
716.000
719.000
717.000
719.000
717.000
717.000
721.000
719.000
715.000
721.000
716.000
718.000
716.000
716.000
721.000
720.000
715.000
720.000
723.000
721.000
735.000
734.000
728.000
735.000
730.000
728.000
727.000
724.000
716.000
713.000
718.000
711.000
711.000
711.000
706.000
710.000
709.000
714.000
709.000
712.000
706.000
709.000
711.000
707.000
704.000
717.000
707.000
712.000
708.000
707.000
709.000
711.000
710.000
711.000
705.000
713.000
710.000
711.000
706.000
709.000
707.000
705.000
708.000
706.000
710.000
709.000
703.000
708.000
706.000
707.000
711.000
713.000
710.000
707.000
708.000
706.000
706.000
709.000
709.000
708.000
709.000
706.000
708.000
706.000
707.000
704.000
710.000
707.000
709.000
706.000
710.000
711.000
708.000
709.000
704.000
709.000
707.000
707.000
706.000
709.000
705.000
711.000
713.000
707.000
706.000
713.000
709.000
702.000
710.000
711.000
711.000
709.000
709.000
706.000
712.000
705.000
711.000
711.000
712.000
710.000
710.000
710.000
713.000
706.000
712.000
707.000
705.000
708.000
706.000
708.000
708.000
705.000
704.000
712.000
706.000
707.000
706.000
709.000
709.000
709.000
713.000
717.000
716.000
711.000
714.000
709.000
717.000
714.000
713.000
707.000
709.000
708.000
707.000
706.000
709.000
712.000
708.000
707.000
712.000
708.000
711.000
708.000
713.000
708.000
705.000
714.000
708.000
706.000
708.000
707.000
709.000
707.000
709.000
710.000
706.000
708.000
705.000
707.000
715.000
702.000
708.000
705.000
707.000
705.000
709.000
709.000
710.000
711.000
707.000
704.000
709.000
703.000
707.000
710.000
713.000
709.000
706.000
707.000
702.000
707.000
704.000
706.000
714.000
702.000
703.000
708.000
707.000
700.000
702.000
710.000
705.000
701.000
704.000
702.000
707.000
708.000
706.000
708.000
703.000
709.000
704.000
704.000
706.000
705.000
707.000
706.000
707.000
703.000
701.000
704.000
701.000
702.000
695.000
694.000
697.000
691.000
