718.000
695.000
698.000
689.000
701.000
700.000
701.000
702.000
703.000
705.000
701.000
709.000
700.000
696.000
698.000
698.000
699.000
703.000
700.000
702.000
700.000
702.000
702.000
700.000
703.000
704.000
702.000
701.000
703.000
703.000
701.000
705.000
704.000
703.000
703.000
702.000
706.000
708.000
704.000
707.000
707.000
703.000
708.000
704.000
700.000
703.000
704.000
701.000
708.000
704.000
704.000
698.000
702.000
708.000
706.000
703.000
708.000
703.000
700.000
707.000
697.000
706.000
706.000
703.000
707.000
699.000
707.000
707.000
703.000
707.000
704.000
704.000
701.000
703.000
697.000
703.000
701.000
704.000
701.000
706.000
708.000
702.000
707.000
702.000
701.000
703.000
705.000
704.000
702.000
707.000
707.000
703.000
701.000
702.000
707.000
702.000
700.000
708.000
702.000
701.000
701.000
705.000
708.000
704.000
708.000
700.000
703.000
703.000
705.000
697.000
705.000
704.000
705.000
704.000
704.000
706.000
702.000
708.000
704.000
706.000
702.000
705.000
700.000
704.000
701.000
705.000
701.000
701.000
705.000
702.000
707.000
707.000
699.000
704.000
701.000
702.000
701.000
702.000
705.000
712.000
705.000
703.000
705.000
705.000
703.000
704.000
706.000
706.000
704.000
703.000
701.000
702.000
700.000
701.000
706.000
705.000
704.000
702.000
703.000
707.000
703.000
699.000
702.000
703.000
706.000
709.000
704.000
703.000
707.000
704.000
705.000
701.000
701.000
705.000
701.000
704.000
705.000
700.000
705.000
705.000
705.000
703.000
705.000
708.000
705.000
707.000
708.000
702.000
702.000
700.000
706.000
704.000
704.000
701.000
703.000
703.000
703.000
708.000
702.000
702.000
704.000
704.000
705.000
701.000
705.000
703.000
704.000
704.000
702.000
703.000
703.000
706.000
702.000
703.000
709.000
702.000
705.000
704.000
707.000
707.000
710.000
704.000
701.000
702.000
701.000
704.000
706.000
705.000
703.000
706.000
710.000
706.000
701.000
705.000
708.000
706.000
702.000
703.000
705.000
703.000
706.000
706.000
704.000
704.000
705.000
707.000
707.000
708.000
703.000
708.000
708.000
700.000
709.000
709.000
706.000
710.000
701.000
704.000
703.000
710.000
702.000
710.000
703.000
709.000
733.000
712.000
744.000
706.000
708.000
706.000
707.000
710.000
706.000
709.000
703.000
711.000
706.000
707.000
705.000
707.000
705.000
708.000
706.000
708.000
708.000
716.000
712.000
713.000
713.000
712.000
713.000
712.000
717.000
716.000
715.000
714.000
717.000
717.000
718.000
722.000
727.000
726.000
729.000
731.000
734.000
739.000
744.000
755.000
767.000
770.000
773.000
772.000
761.000
756.000
755.000
751.000
742.000
739.000
746.000
741.000
743.000
754.000
752.000
747.000
743.000
752.000
754.000
744.000
748.000
749.000
744.000
752.000
768.000
828.000
851.000
844.000
788.000
758.000
740.000
751.000
744.000
747.000
741.000
745.000
735.000
737.000
735.000
736.000
732.000
735.000
727.000
725.000
727.000
726.000
730.000
728.000
725.000
722.000
723.000
721.000
727.000
724.000
723.000
724.000
723.000
715.000
715.000
717.000
718.000
715.000
715.000
717.000
717.000
715.000
713.000
715.000
714.000
712.000
714.000
712.000
716.000
708.000
711.000
710.000
711.000
712.000
711.000
713.000
711.000
709.000
715.000
711.000
708.000
706.000
723.000
707.000
710.000
710.000
712.000
709.000
711.000
708.000
705.000
708.000
714.000
708.000
712.000
708.000
707.000
712.000
710.000
709.000
712.000
708.000
709.000
710.000
710.000
711.000
705.000
708.000
708.000
707.000
709.000
715.000
710.000
709.000
707.000
710.000
713.000
708.000
709.000
713.000
705.000
715.000
707.000
712.000
706.000
706.000
707.000
705.000
712.000
711.000
711.000
709.000
709.000
709.000
711.000
710.000
709.000
710.000
711.000
712.000
711.000
710.000
710.000
711.000
716.000
708.000
712.000
707.000
714.000
709.000
708.000
713.000
706.000
708.000
709.000
706.000
712.000
709.000
712.000
715.000
707.000
709.000
711.000
709.000
708.000
709.000
708.000
718.000
712.000
710.000
708.000
709.000
709.000
708.000
705.000
709.000
712.000
708.000
712.000
714.000
710.000
708.000
710.000
714.000
711.000
714.000
711.000
708.000
708.000
709.000
713.000
712.000
713.000
711.000
708.000
715.000
709.000
727.000
744.000
719.000
717.000
715.000
709.000
716.000
714.000
716.000
715.000
711.000
712.000
723.000
744.000
724.000
718.000
712.000
719.000
718.000
717.000
728.000
732.000
720.000
715.000
724.000
714.000
716.000
716.000
722.000
719.000
719.000
725.000
722.000
727.000
724.000
723.000
728.000
729.000
727.000
721.000
724.000
723.000
721.000
726.000
719.000
720.000
721.000
724.000
722.000
721.000
722.000
718.000
729.000
719.000
716.000
723.000
719.000
713.000
725.000
732.000
743.000
751.000
736.000
726.000
730.000
723.000
718.000
717.000
721.000
718.000
717.000
719.000
709.000
717.000
715.000
714.000
714.000
718.000
715.000
715.000
719.000
718.000
719.000
719.000
714.000
714.000
721.000
717.000
717.000
714.000
721.000
719.000
730.000
726.000
727.000
737.000
730.000
723.000
725.000
719.000
719.000
721.000
716.000
716.000
716.000
710.000
716.000
723.000
717.000
718.000
714.000
716.000
713.000
713.000
719.000
717.000
713.000
713.000
710.000
714.000
717.000
713.000
717.000
713.000
714.000
718.000
718.000
715.000
717.000
720.000
722.000
721.000
727.000
722.000
720.000
715.000
721.000
719.000
715.000
715.000
716.000
715.000
714.000
711.000
711.000
712.000
714.000
712.000
709.000
713.000
708.000
712.000
714.000
711.000
712.000
713.000
710.000
709.000
712.000
719.000
710.000
718.000
709.000
709.000
712.000
742.000
711.000
712.000
711.000
715.000
711.000
715.000
714.000
713.000
713.000
716.000
712.000
715.000
717.000
714.000
718.000
715.000
724.000
719.000
719.000
719.000
719.000
719.000
723.000
723.000
726.000
729.000
730.000
730.000
740.000
742.000
757.000
768.000
772.000
800.000
849.000
902.000
931.000
920.000
891.000
852.000
814.000
793.000
781.000
767.000
765.000
767.000
757.000
757.000
750.000
749.000
746.000
754.000
752.000
748.000
753.000
750.000
756.000
743.000
749.000
735.000
740.000
738.000
728.000
729.000
729.000
724.000
729.000
721.000
722.000
724.000
724.000
718.000
720.000
720.000
722.000
717.000
714.000
719.000
719.000
720.000
720.000
716.000
713.000
714.000
716.000
713.000
713.000
716.000
718.000
714.000
716.000
722.000
718.000
715.000
724.000
724.000
716.000
718.000
720.000
720.000
721.000
719.000
715.000
717.000
719.000
715.000
714.000
720.000
722.000
718.000
714.000
721.000
718.000
717.000
719.000
716.000
721.000
717.000
718.000
719.000
716.000
719.000
723.000
721.000
718.000
716.000
722.000
720.000
719.000
728.000
717.000
720.000
719.000
717.000
720.000
718.000
716.000
714.000
715.000
717.000
718.000
718.000
722.000
716.000
716.000
715.000
717.000
720.000
723.000
714.000
723.000
726.000
727.000
729.000
734.000
732.000
734.000
729.000
732.000
727.000
720.000
715.000
716.000
719.000
710.000
714.000
708.000
711.000
710.000
712.000
710.000
710.000
709.000
710.000
709.000
709.000
707.000
707.000
713.000
710.000
713.000
705.000
713.000
707.000
707.000
708.000
707.000
711.000
711.000
712.000
708.000
708.000
708.000
706.000
709.000
705.000
705.000
703.000
709.000
703.000
710.000
705.000
707.000
710.000
708.000
709.000
710.000
705.000
709.000
709.000
706.000
707.000
707.000
709.000
705.000
707.000
704.000
708.000
706.000
710.000
708.000
705.000
707.000
709.000
707.000
705.000
706.000
704.000
708.000
707.000
711.000
711.000
713.000
710.000
712.000
712.000
708.000
707.000
709.000
708.000
706.000
709.000
711.000
707.000
711.000
710.000
710.000
712.000
711.000
709.000
713.000
709.000
707.000
706.000
707.000
709.000
705.000
713.000
706.000
715.000
711.000
707.000
708.000
709.000
711.000
708.000
709.000
705.000
707.000
709.000
707.000
712.000
709.000
716.000
707.000
713.000
717.000
711.000
711.000
714.000
705.000
711.000
706.000
707.000
706.000
711.000
708.000
705.000
709.000
709.000
711.000
709.000
708.000
708.000
708.000
709.000
705.000
708.000
711.000
704.000
710.000
709.000
703.000
709.000
703.000
710.000
707.000
709.000
705.000
704.000
705.000
711.000
710.000
708.000
706.000
707.000
710.000
704.000
709.000
705.000
709.000
709.000
703.000
714.000
707.000
710.000
706.000
709.000
707.000
702.000
708.000
707.000
705.000
708.000
706.000
705.000
703.000
706.000
701.000
707.000
707.000
708.000
708.000
702.000
701.000
706.000
705.000
709.000
705.000
709.000
709.000
709.000
706.000
706.000
712.000
705.000
702.000
711.000
703.000
709.000
704.000
704.000
703.000
701.000
703.000
697.000
697.000
695.000
697.000
