717.000
703.000
695.000
694.000
699.000
697.000
702.000
702.000
700.000
703.000
698.000
700.000
702.000
700.000
701.000
701.000
699.000
703.000
702.000
702.000
700.000
699.000
702.000
698.000
698.000
703.000
697.000
701.000
701.000
702.000
707.000
703.000
705.000
697.000
709.000
709.000
703.000
704.000
699.000
705.000
705.000
702.000
705.000
701.000
698.000
703.000
702.000
703.000
702.000
706.000
706.000
700.000
704.000
702.000
704.000
704.000
705.000
705.000
702.000
700.000
704.000
704.000
703.000
705.000
701.000
706.000
703.000
701.000
700.000
703.000
700.000
703.000
699.000
698.000
705.000
703.000
700.000
701.000
702.000
704.000
705.000
706.000
702.000
697.000
699.000
701.000
706.000
705.000
703.000
704.000
707.000
707.000
703.000
702.000
706.000
705.000
703.000
705.000
703.000
703.000
702.000
705.000
702.000
703.000
701.000
700.000
700.000
708.000
697.000
704.000
707.000
704.000
706.000
701.000
704.000
700.000
701.000
700.000
703.000
701.000
707.000
702.000
704.000
703.000
702.000
706.000
703.000
706.000
704.000
704.000
705.000
701.000
699.000
701.000
705.000
700.000
699.000
703.000
706.000
710.000
701.000
706.000
700.000
700.000
703.000
702.000
705.000
705.000
705.000
702.000
706.000
702.000
699.000
704.000
702.000
702.000
702.000
701.000
706.000
701.000
701.000
704.000
703.000
700.000
700.000
703.000
701.000
702.000
703.000
700.000
702.000
700.000
700.000
700.000
698.000
702.000
698.000
703.000
702.000
700.000
697.000
703.000
702.000
702.000
700.000
704.000
700.000
702.000
701.000
703.000
702.000
699.000
707.000
702.000
704.000
705.000
704.000
701.000
700.000
702.000
704.000
702.000
700.000
701.000
706.000
703.000
703.000
706.000
703.000
699.000
705.000
704.000
699.000
695.000
705.000
703.000
703.000
701.000
700.000
705.000
707.000
709.000
700.000
701.000
702.000
708.000
706.000
703.000
703.000
708.000
705.000
706.000
699.000
705.000
703.000
704.000
706.000
705.000
705.000
700.000
704.000
698.000
701.000
704.000
710.000
703.000
704.000
704.000
701.000
703.000
703.000
701.000
703.000
703.000
713.000
707.000
703.000
703.000
704.000
706.000
704.000
708.000
709.000
710.000
729.000
705.000
750.000
710.000
702.000
707.000
707.000
709.000
706.000
710.000
700.000
706.000
702.000
698.000
706.000
704.000
702.000
703.000
704.000
711.000
706.000
705.000
710.000
711.000
717.000
708.000
713.000
713.000
712.000
714.000
716.000
712.000
717.000
713.000
719.000
720.000
721.000
730.000
728.000
731.000
731.000
740.000
748.000
761.000
767.000
779.000
780.000
776.000
773.000
767.000
756.000
751.000
745.000
749.000
746.000
746.000
748.000
750.000
751.000
747.000
743.000
750.000
746.000
746.000
755.000
753.000
748.000
754.000
765.000
826.000
855.000
844.000
795.000
759.000
743.000
750.000
744.000
746.000
740.000
746.000
738.000
734.000
735.000
737.000
733.000
734.000
733.000
728.000
732.000
722.000
725.000
731.000
727.000
725.000
726.000
724.000
723.000
719.000
723.000
717.000
722.000
717.000
716.000
721.000
712.000
717.000
716.000
717.000
710.000
716.000
715.000
712.000
711.000
712.000
715.000
713.000
714.000
712.000
709.000
708.000
712.000
708.000
712.000
709.000
713.000
711.000
710.000
704.000
708.000
708.000
721.000
709.000
707.000
709.000
707.000
707.000
710.000
704.000
712.000
706.000
713.000
714.000
710.000
715.000
709.000
711.000
707.000
707.000
708.000
711.000
709.000
706.000
706.000
711.000
704.000
706.000
711.000
711.000
709.000
712.000
711.000
710.000
710.000
711.000
710.000
706.000
711.000
711.000
710.000
711.000
710.000
706.000
707.000
708.000
703.000
708.000
708.000
710.000
713.000
711.000
710.000
709.000
704.000
706.000
712.000
709.000
709.000
708.000
711.000
706.000
715.000
710.000
706.000
708.000
707.000
711.000
712.000
705.000
713.000
706.000
707.000
712.000
705.000
708.000
706.000
705.000
709.000
708.000
712.000
710.000
710.000
712.000
704.000
706.000
709.000
715.000
707.000
710.000
710.000
710.000
713.000
706.000
708.000
713.000
711.000
707.000
711.000
710.000
708.000
711.000
707.000
706.000
709.000
712.000
712.000
706.000
709.000
715.000
710.000
712.000
712.000
712.000
712.000
711.000
714.000
730.000
741.000
721.000
717.000
715.000
713.000
714.000
715.000
720.000
713.000
709.000
713.000
726.000
741.000
725.000
711.000
714.000
713.000
713.000
715.000
726.000
729.000
716.000
714.000
717.000
716.000
716.000
716.000
721.000
717.000
723.000
720.000
727.000
721.000
730.000
720.000
727.000
726.000
724.000
722.000
728.000
728.000
721.000
723.000
721.000
723.000
723.000
725.000
723.000
723.000
722.000
717.000
726.000
717.000
718.000
720.000
724.000
724.000
722.000
728.000
741.000
739.000
737.000
722.000
725.000
722.000
722.000
718.000
721.000
716.000
722.000
719.000
719.000
713.000
718.000
712.000
718.000
714.000
711.000
714.000
714.000
720.000
719.000
719.000
716.000
719.000
721.000
716.000
718.000
718.000
721.000
721.000
723.000
726.000
728.000
729.000
727.000
728.000
728.000
719.000
718.000
719.000
716.000
708.000
717.000
713.000
717.000
717.000
709.000
714.000
713.000
712.000
708.000
712.000
714.000
712.000
710.000
713.000
710.000
714.000
718.000
714.000
714.000
721.000
710.000
714.000
720.000
715.000
718.000
716.000
721.000
724.000
724.000
714.000
720.000
721.000
719.000
715.000
721.000
716.000
713.000
717.000
711.000
714.000
712.000
712.000
715.000
712.000
713.000
710.000
712.000
715.000
710.000
711.000
710.000
714.000
715.000
712.000
709.000
713.000
711.000
717.000
714.000
711.000
711.000
744.000
720.000
713.000
715.000
717.000
715.000
715.000
715.000
715.000
717.000
714.000
710.000
713.000
717.000
714.000
718.000
717.000
720.000
715.000
720.000
715.000
719.000
722.000
720.000
721.000
725.000
728.000
737.000
732.000
737.000
747.000
753.000
769.000
778.000
812.000
866.000
923.000
962.000
949.000
910.000
863.000
828.000
793.000
786.000
772.000
766.000
764.000
763.000
769.000
759.000
758.000
751.000
751.000
748.000
749.000
755.000
755.000
751.000
750.000
747.000
744.000
735.000
736.000
730.000
729.000
730.000
729.000
729.000
728.000
717.000
718.000
717.000
724.000
718.000
720.000
719.000
716.000
714.000
715.000
715.000
719.000
718.000
715.000
715.000
719.000
719.000
718.000
717.000
718.000
712.000
719.000
714.000
716.000
713.000
716.000
720.000
724.000
717.000
712.000
716.000
718.000
721.000
716.000
719.000
717.000
724.000
717.000
716.000
720.000
728.000
721.000
722.000
721.000
715.000
718.000
718.000
718.000
716.000
721.000
719.000
720.000
718.000
720.000
718.000
719.000
717.000
718.000
717.000
722.000
714.000
727.000
720.000
723.000
723.000
718.000
718.000
719.000
717.000
719.000
711.000
717.000
721.000
715.000
722.000
716.000
717.000
720.000
713.000
715.000
719.000
717.000
719.000
721.000
728.000
727.000
733.000
737.000
733.000
728.000
726.000
727.000
724.000
715.000
712.000
715.000
710.000
715.000
708.000
709.000
705.000
709.000
715.000
710.000
707.000
708.000
713.000
712.000
705.000
710.000
717.000
707.000
706.000
705.000
712.000
707.000
709.000
714.000
711.000
711.000
708.000
709.000
707.000
708.000
706.000
707.000
707.000
709.000
709.000
705.000
705.000
704.000
707.000
709.000
704.000
703.000
705.000
704.000
710.000
706.000
702.000
706.000
706.000
705.000
707.000
709.000
704.000
703.000
705.000
708.000
702.000
708.000
705.000
706.000
708.000
703.000
704.000
704.000
710.000
708.000
707.000
707.000
711.000
706.000
707.000
705.000
706.000
708.000
711.000
706.000
708.000
709.000
706.000
708.000
711.000
709.000
702.000
709.000
708.000
705.000
712.000
707.000
710.000
707.000
710.000
710.000
709.000
711.000
706.000
707.000
703.000
708.000
705.000
707.000
708.000
712.000
710.000
705.000
706.000
708.000
709.000
706.000
712.000
712.000
708.000
712.000
714.000
715.000
711.000
712.000
712.000
705.000
713.000
710.000
707.000
706.000
708.000
706.000
703.000
708.000
708.000
713.000
709.000
710.000
707.000
716.000
708.000
708.000
704.000
701.000
703.000
710.000
701.000
704.000
705.000
707.000
708.000
706.000
705.000
713.000
706.000
709.000
704.000
712.000
702.000
705.000
704.000
703.000
704.000
702.000
706.000
708.000
707.000
702.000
707.000
708.000
703.000
707.000
704.000
707.000
707.000
707.000
706.000
699.000
706.000
707.000
707.000
705.000
704.000
703.000
702.000
707.000
703.000
704.000
706.000
701.000
699.000
703.000
706.000
709.000
706.000
712.000
706.000
707.000
705.000
706.000
706.000
706.000
709.000
710.000
701.000
702.000
707.000
700.000
705.000
698.000
702.000
697.000
692.000
695.000
693.000
