715.000
702.000
692.000
694.000
700.000
696.000
702.000
701.000
700.000
699.000
697.000
703.000
698.000
699.000
700.000
702.000
698.000
702.000
700.000
698.000
705.000
701.000
699.000
702.000
698.000
698.000
704.000
700.000
699.000
703.000
699.000
699.000
699.000
699.000
703.000
702.000
699.000
699.000
699.000
704.000
697.000
703.000
707.000
700.000
700.000
701.000
698.000
700.000
702.000
699.000
702.000
702.000
703.000
703.000
705.000
706.000
702.000
700.000
699.000
699.000
699.000
704.000
697.000
700.000
701.000
702.000
703.000
704.000
701.000
701.000
705.000
702.000
699.000
700.000
703.000
702.000
700.000
702.000
702.000
703.000
705.000
702.000
703.000
703.000
702.000
704.000
696.000
697.000
700.000
701.000
698.000
706.000
705.000
704.000
702.000
705.000
700.000
702.000
698.000
701.000
701.000
701.000
707.000
704.000
702.000
705.000
708.000
702.000
699.000
701.000
708.000
697.000
699.000
701.000
702.000
703.000
703.000
701.000
704.000
701.000
702.000
702.000
703.000
700.000
701.000
703.000
699.000
703.000
703.000
701.000
703.000
702.000
702.000
703.000
699.000
707.000
701.000
704.000
698.000
708.000
706.000
701.000
699.000
701.000
699.000
703.000
704.000
704.000
702.000
702.000
699.000
700.000
696.000
698.000
699.000
704.000
700.000
701.000
701.000
702.000
700.000
704.000
703.000
704.000
701.000
707.000
701.000
704.000
702.000
705.000
701.000
699.000
697.000
700.000
700.000
702.000
697.000
701.000
702.000
708.000
706.000
699.000
700.000
702.000
703.000
702.000
703.000
703.000
703.000
702.000
708.000
702.000
703.000
705.000
703.000
704.000
700.000
703.000
703.000
698.000
706.000
700.000
704.000
698.000
702.000
701.000
703.000
704.000
700.000
698.000
702.000
699.000
706.000
698.000
701.000
701.000
706.000
701.000
707.000
701.000
701.000
701.000
700.000
700.000
701.000
702.000
702.000
707.000
704.000
699.000
706.000
703.000
703.000
705.000
700.000
706.000
704.000
705.000
706.000
700.000
702.000
706.000
701.000
702.000
708.000
699.000
706.000
708.000
705.000
701.000
701.000
704.000
703.000
705.000
706.000
706.000
701.000
703.000
706.000
705.000
698.000
702.000
705.000
705.000
724.000
709.000
747.000
707.000
707.000
707.000
703.000
706.000
704.000
706.000
703.000
704.000
701.000
698.000
700.000
700.000
710.000
702.000
705.000
703.000
710.000
710.000
706.000
711.000
704.000
711.000
709.000
712.000
710.000
713.000
714.000
717.000
717.000
714.000
724.000
720.000
722.000
724.000
732.000
732.000
735.000
739.000
751.000
755.000
770.000
779.000
777.000
769.000
775.000
765.000
754.000
755.000
746.000
745.000
742.000
744.000
744.000
750.000
749.000
751.000
748.000
750.000
744.000
745.000
744.000
748.000
751.000
745.000
756.000
821.000
854.000
846.000
790.000
750.000
748.000
749.000
749.000
745.000
744.000
741.000
740.000
734.000
733.000
732.000
738.000
734.000
725.000
731.000
723.000
730.000
726.000
722.000
722.000
722.000
723.000
722.000
721.000
721.000
717.000
725.000
717.000
716.000
715.000
713.000
718.000
715.000
714.000
718.000
712.000
711.000
712.000
713.000
715.000
714.000
706.000
708.000
710.000
710.000
712.000
709.000
710.000
709.000
706.000
708.000
711.000
705.000
709.000
708.000
708.000
703.000
713.000
710.000
712.000
713.000
705.000
706.000
710.000
708.000
706.000
702.000
709.000
703.000
711.000
710.000
712.000
705.000
709.000
709.000
708.000
710.000
704.000
711.000
704.000
709.000
711.000
707.000
707.000
710.000
704.000
705.000
705.000
708.000
708.000
706.000
706.000
708.000
705.000
712.000
710.000
703.000
708.000
712.000
711.000
707.000
710.000
712.000
713.000
712.000
707.000
709.000
708.000
704.000
707.000
705.000
711.000
710.000
711.000
712.000
710.000
705.000
711.000
711.000
710.000
706.000
707.000
710.000
713.000
706.000
708.000
710.000
712.000
709.000
709.000
706.000
709.000
712.000
709.000
708.000
706.000
703.000
707.000
707.000
709.000
710.000
710.000
715.000
707.000
704.000
707.000
706.000
708.000
706.000
713.000
709.000
710.000
704.000
710.000
710.000
706.000
710.000
706.000
710.000
710.000
710.000
709.000
705.000
709.000
711.000
707.000
711.000
705.000
708.000
707.000
708.000
712.000
733.000
741.000
718.000
713.000
714.000
714.000
711.000
713.000
711.000
712.000
711.000
715.000
727.000
743.000
724.000
713.000
714.000
715.000
714.000
718.000
724.000
725.000
719.000
716.000
719.000
715.000
715.000
714.000
724.000
721.000
726.000
728.000
720.000
723.000
722.000
728.000
728.000
724.000
720.000
726.000
723.000
725.000
724.000
723.000
722.000
728.000
728.000
725.000
717.000
729.000
722.000
722.000
726.000
722.000
719.000
725.000
723.000
718.000
724.000
725.000
751.000
743.000
739.000
729.000
726.000
725.000
722.000
718.000
713.000
718.000
719.000
722.000
718.000
714.000
719.000
708.000
717.000
716.000
714.000
717.000
716.000
720.000
716.000
716.000
722.000
716.000
714.000
721.000
716.000
723.000
720.000
721.000
721.000
726.000
730.000
734.000
732.000
731.000
725.000
719.000
719.000
721.000
709.000
719.000
723.000
713.000
713.000
709.000
714.000
718.000
713.000
713.000
718.000
710.000
715.000
714.000
715.000
712.000
715.000
717.000
709.000
715.000
712.000
711.000
714.000
713.000
711.000
717.000
719.000
712.000
721.000
717.000
722.000
723.000
723.000
719.000
722.000
716.000
716.000
714.000
717.000
716.000
713.000
712.000
715.000
711.000
710.000
713.000
712.000
709.000
706.000
716.000
711.000
709.000
712.000
710.000
713.000
714.000
711.000
714.000
710.000
709.000
714.000
713.000
711.000
742.000
712.000
710.000
709.000
715.000
712.000
715.000
714.000
714.000
714.000
712.000
716.000
714.000
713.000
711.000
718.000
711.000
720.000
718.000
715.000
718.000
721.000
721.000
722.000
725.000
724.000
728.000
728.000
733.000
735.000
749.000
750.000
765.000
784.000
806.000
861.000
909.000
954.000
940.000
909.000
864.000
821.000
789.000
782.000
765.000
765.000
768.000
758.000
758.000
752.000
760.000
753.000
751.000
754.000
756.000
750.000
753.000
750.000
747.000
747.000
741.000
736.000
737.000
736.000
733.000
725.000
723.000
726.000
724.000
715.000
723.000
721.000
720.000
720.000
712.000
721.000
717.000
715.000
719.000
712.000
715.000
719.000
713.000
713.000
715.000
718.000
718.000
712.000
717.000
715.000
716.000
721.000
720.000
717.000
717.000
721.000
722.000
717.000
722.000
720.000
717.000
718.000
718.000
718.000
713.000
716.000
715.000
715.000
718.000
717.000
714.000
717.000
715.000
719.000
723.000
716.000
718.000
714.000
715.000
717.000
721.000
717.000
719.000
717.000
719.000
720.000
724.000
719.000
718.000
716.000
722.000
722.000
718.000
717.000
723.000
718.000
720.000
715.000
719.000
713.000
718.000
714.000
714.000
712.000
718.000
713.000
715.000
718.000
720.000
717.000
715.000
715.000
721.000
723.000
726.000
731.000
734.000
736.000
735.000
726.000
719.000
721.000
716.000
716.000
714.000
714.000
712.000
707.000
709.000
709.000
708.000
710.000
709.000
707.000
707.000
708.000
712.000
706.000
704.000
718.000
708.000
706.000
707.000
709.000
708.000
709.000
705.000
707.000
708.000
705.000
710.000
709.000
705.000
707.000
707.000
705.000
712.000
701.000
707.000
706.000
709.000
710.000
705.000
708.000
709.000
705.000
703.000
706.000
706.000
704.000
710.000
707.000
709.000
708.000
709.000
703.000
705.000
707.000
704.000
704.000
706.000
713.000
703.000
707.000
700.000
710.000
708.000
701.000
711.000
703.000
710.000
710.000
709.000
707.000
709.000
703.000
704.000
708.000
709.000
704.000
705.000
706.000
708.000
708.000
710.000
708.000
706.000
710.000
707.000
711.000
709.000
707.000
705.000
708.000
712.000
710.000
712.000
702.000
708.000
709.000
709.000
705.000
710.000
704.000
709.000
706.000
705.000
705.000
706.000
706.000
712.000
713.000
706.000
709.000
712.000
713.000
711.000
713.000
711.000
709.000
712.000
714.000
710.000
708.000
707.000
708.000
711.000
706.000
710.000
706.000
710.000
708.000
709.000
707.000
706.000
705.000
710.000
702.000
710.000
712.000
707.000
702.000
706.000
703.000
706.000
708.000
710.000
709.000
708.000
703.000
708.000
707.000
704.000
705.000
701.000
706.000
704.000
705.000
706.000
705.000
702.000
707.000
707.000
710.000
706.000
707.000
704.000
703.000
705.000
710.000
707.000
701.000
703.000
705.000
704.000
705.000
703.000
706.000
706.000
708.000
707.000
706.000
710.000
708.000
704.000
701.000
703.000
703.000
702.000
701.000
706.000
707.000
713.000
707.000
707.000
706.000
703.000
704.000
701.000
701.000
706.000
703.000
706.000
702.000
701.000
706.000
693.000
694.000
694.000
691.000
