715.000
695.000
693.000
692.000
692.000
698.000
699.000
702.000
696.000
703.000
696.000
704.000
701.000
696.000
698.000
701.000
701.000
703.000
698.000
706.000
699.000
699.000
699.000
705.000
698.000
697.000
703.000
697.000
698.000
702.000
702.000
702.000
702.000
701.000
700.000
702.000
702.000
699.000
701.000
702.000
698.000
703.000
706.000
700.000
699.000
707.000
699.000
702.000
699.000
699.000
703.000
699.000
702.000
698.000
701.000
702.000
705.000
702.000
700.000
701.000
703.000
703.000
703.000
697.000
702.000
701.000
695.000
699.000
699.000
698.000
703.000
703.000
700.000
696.000
700.000
701.000
705.000
701.000
705.000
702.000
702.000
703.000
703.000
700.000
702.000
704.000
700.000
699.000
702.000
702.000
704.000
700.000
702.000
703.000
704.000
698.000
699.000
701.000
701.000
700.000
699.000
703.000
702.000
703.000
708.000
703.000
700.000
700.000
699.000
701.000
701.000
705.000
699.000
699.000
699.000
704.000
700.000
703.000
699.000
702.000
702.000
704.000
702.000
699.000
703.000
702.000
699.000
702.000
699.000
700.000
700.000
703.000
703.000
699.000
706.000
705.000
699.000
702.000
703.000
712.000
705.000
705.000
700.000
707.000
700.000
702.000
703.000
701.000
701.000
699.000
703.000
700.000
699.000
701.000
703.000
701.000
698.000
703.000
707.000
701.000
700.000
701.000
703.000
708.000
706.000
707.000
698.000
701.000
703.000
699.000
703.000
703.000
701.000
700.000
706.000
702.000
703.000
698.000
708.000
702.000
700.000
702.000
704.000
703.000
703.000
699.000
700.000
698.000
704.000
704.000
704.000
705.000
701.000
700.000
701.000
699.000
704.000
703.000
700.000
704.000
706.000
705.000
700.000
703.000
708.000
700.000
701.000
705.000
702.000
702.000
704.000
702.000
705.000
698.000
703.000
704.000
705.000
702.000
704.000
702.000
703.000
704.000
700.000
703.000
700.000
704.000
701.000
701.000
700.000
705.000
707.000
703.000
702.000
704.000
698.000
705.000
705.000
700.000
701.000
700.000
701.000
704.000
705.000
706.000
702.000
707.000
701.000
704.000
701.000
706.000
703.000
699.000
705.000
704.000
703.000
705.000
702.000
704.000
702.000
705.000
701.000
705.000
703.000
705.000
716.000
706.000
744.000
703.000
704.000
702.000
701.000
706.000
708.000
706.000
705.000
706.000
704.000
708.000
711.000
707.000
705.000
705.000
707.000
710.000
709.000
709.000
712.000
710.000
708.000
715.000
713.000
713.000
713.000
710.000
712.000
713.000
713.000
716.000
718.000
720.000
727.000
729.000
726.000
731.000
733.000
735.000
747.000
756.000
773.000
780.000
780.000
777.000
766.000
767.000
760.000
749.000
744.000
749.000
746.000
753.000
751.000
758.000
740.000
751.000
753.000
756.000
755.000
751.000
754.000
757.000
748.000
758.000
768.000
832.000
857.000
853.000
790.000
758.000
746.000
754.000
746.000
751.000
745.000
741.000
740.000
736.000
736.000
737.000
733.000
732.000
732.000
732.000
723.000
724.000
731.000
724.000
727.000
724.000
721.000
726.000
721.000
724.000
714.000
724.000
719.000
713.000
713.000
719.000
720.000
716.000
716.000
718.000
712.000
714.000
710.000
714.000
711.000
714.000
714.000
715.000
708.000
708.000
711.000
710.000
711.000
710.000
713.000
711.000
709.000
707.000
711.000
708.000
711.000
708.000
714.000
713.000
708.000
709.000
711.000
710.000
709.000
707.000
708.000
708.000
714.000
708.000
709.000
710.000
711.000
709.000
712.000
707.000
706.000
708.000
705.000
710.000
713.000
706.000
711.000
713.000
712.000
711.000
706.000
710.000
705.000
709.000
708.000
713.000
707.000
707.000
712.000
711.000
705.000
705.000
704.000
709.000
708.000
708.000
703.000
705.000
709.000
710.000
708.000
711.000
707.000
710.000
708.000
705.000
704.000
710.000
713.000
708.000
710.000
710.000
709.000
706.000
708.000
711.000
706.000
713.000
715.000
710.000
707.000
709.000
714.000
712.000
707.000
709.000
707.000
709.000
710.000
705.000
707.000
709.000
713.000
707.000
708.000
707.000
706.000
721.000
709.000
707.000
704.000
707.000
709.000
706.000
709.000
709.000
709.000
705.000
713.000
709.000
710.000
708.000
708.000
714.000
708.000
706.000
709.000
713.000
712.000
713.000
706.000
712.000
713.000
709.000
713.000
711.000
714.000
727.000
742.000
716.000
714.000
714.000
713.000
713.000
720.000
715.000
716.000
715.000
715.000
731.000
744.000
723.000
711.000
714.000
712.000
717.000
712.000
726.000
721.000
718.000
723.000
712.000
714.000
714.000
715.000
721.000
722.000
721.000
719.000
721.000
727.000
727.000
726.000
726.000
724.000
720.000
723.000
724.000
725.000
726.000
723.000
721.000
716.000
720.000
725.000
723.000
723.000
722.000
716.000
725.000
720.000
723.000
717.000
721.000
719.000
726.000
729.000
742.000
739.000
737.000
734.000
727.000
721.000
718.000
722.000
716.000
715.000
714.000
713.000
712.000
710.000
715.000
715.000
714.000
716.000
721.000
715.000
723.000
714.000
716.000
721.000
714.000
721.000
718.000
715.000
711.000
722.000
719.000
721.000
720.000
729.000
727.000
731.000
727.000
727.000
720.000
720.000
725.000
719.000
716.000
715.000
716.000
717.000
714.000
714.000
716.000
716.000
710.000
715.000
714.000
715.000
715.000
711.000
710.000
715.000
715.000
716.000
715.000
713.000
713.000
712.000
714.000
716.000
720.000
718.000
719.000
720.000
716.000
721.000
719.000
718.000
719.000
717.000
714.000
716.000
720.000
715.000
716.000
710.000
717.000
714.000
709.000
712.000
720.000
713.000
713.000
710.000
709.000
712.000
710.000
710.000
714.000
707.000
708.000
709.000
710.000
715.000
711.000
712.000
713.000
707.000
712.000
745.000
710.000
712.000
707.000
716.000
712.000
710.000
707.000
712.000
712.000
719.000
720.000
712.000
711.000
712.000
717.000
712.000
721.000
715.000
710.000
716.000
719.000
723.000
721.000
728.000
730.000
730.000
732.000
732.000
739.000
737.000
746.000
770.000
785.000
821.000
865.000
938.000
967.000
956.000
920.000
867.000
820.000
798.000
797.000
777.000
765.000
774.000
762.000
760.000
760.000
756.000
754.000
755.000
748.000
751.000
755.000
750.000
746.000
748.000
741.000
739.000
738.000
735.000
732.000
729.000
729.000
727.000
727.000
726.000
726.000
721.000
717.000
722.000
717.000
719.000
721.000
716.000
712.000
717.000
722.000
715.000
717.000
717.000
712.000
714.000
717.000
713.000
712.000
714.000
713.000
716.000
714.000
716.000
713.000
717.000
717.000
726.000
715.000
718.000
715.000
718.000
713.000
713.000
717.000
715.000
714.000
713.000
721.000
721.000
724.000
722.000
722.000
718.000
717.000
722.000
716.000
718.000
720.000
718.000
716.000
721.000
718.000
715.000
715.000
719.000
717.000
720.000
717.000
717.000
716.000
720.000
715.000
717.000
715.000
722.000
720.000
719.000
713.000
722.000
718.000
722.000
715.000
722.000
715.000
718.000
718.000
717.000
719.000
718.000
720.000
719.000
718.000
723.000
725.000
732.000
732.000
732.000
734.000
736.000
724.000
723.000
719.000
717.000
711.000
714.000
710.000
710.000
708.000
710.000
710.000
712.000
706.000
704.000
710.000
705.000
711.000
708.000
706.000
704.000
716.000
707.000
712.000
708.000
709.000
707.000
711.000
708.000
706.000
707.000
706.000
706.000
707.000
707.000
709.000
708.000
701.000
707.000
702.000
708.000
708.000
706.000
707.000
707.000
705.000
706.000
705.000
707.000
709.000
704.000
706.000
703.000
707.000
707.000
705.000
708.000
705.000
706.000
704.000
709.000
707.000
704.000
714.000
706.000
707.000
708.000
706.000
708.000
704.000
702.000
707.000
708.000
705.000
706.000
706.000
703.000
706.000
708.000
711.000
709.000
709.000
711.000
708.000
709.000
709.000
710.000
710.000
706.000
708.000
704.000
710.000
702.000
709.000
705.000
705.000
708.000
707.000
709.000
707.000
713.000
704.000
708.000
705.000
707.000
711.000
708.000
710.000
705.000
706.000
707.000
701.000
704.000
710.000
706.000
715.000
716.000
715.000
709.000
718.000
709.000
713.000
714.000
707.000
708.000
706.000
708.000
708.000
707.000
708.000
709.000
707.000
703.000
713.000
711.000
707.000
704.000
707.000
705.000
709.000
704.000
710.000
705.000
707.000
707.000
705.000
701.000
707.000
707.000
708.000
709.000
707.000
704.000
707.000
710.000
703.000
705.000
703.000
706.000
708.000
706.000
705.000
704.000
707.000
701.000
704.000
704.000
707.000
706.000
703.000
702.000
706.000
708.000
706.000
706.000
706.000
705.000
703.000
707.000
703.000
703.000
705.000
703.000
706.000
706.000
705.000
704.000
705.000
705.000
708.000
705.000
704.000
710.000
708.000
707.000
706.000
705.000
706.000
703.000
704.000
706.000
703.000
705.000
703.000
698.000
705.000
703.000
699.000
693.000
690.000
693.000
694.000
