717.000
700.000
695.000
692.000
695.000
700.000
696.000
702.000
703.000
703.000
698.000
699.000
697.000
696.000
699.000
701.000
700.000
703.000
698.000
700.000
700.000
701.000
694.000
699.000
701.000
701.000
701.000
705.000
701.000
701.000
703.000
705.000
700.000
703.000
700.000
699.000
701.000
703.000
704.000
698.000
702.000
701.000
704.000
703.000
700.000
703.000
705.000
703.000
703.000
699.000
699.000
704.000
704.000
703.000
702.000
705.000
704.000
702.000
699.000
702.000
702.000
703.000
701.000
706.000
702.000
701.000
701.000
707.000
698.000
701.000
709.000
700.000
704.000
703.000
700.000
705.000
701.000
701.000
701.000
699.000
701.000
704.000
702.000
704.000
699.000
702.000
703.000
702.000
698.000
702.000
699.000
703.000
702.000
702.000
702.000
699.000
701.000
702.000
702.000
698.000
703.000
700.000
705.000
696.000
704.000
704.000
699.000
701.000
702.000
700.000
704.000
696.000
694.000
702.000
701.000
701.000
703.000
698.000
702.000
702.000
703.000
702.000
703.000
700.000
698.000
702.000
699.000
702.000
702.000
701.000
702.000
700.000
701.000
699.000
699.000
703.000
697.000
702.000
701.000
714.000
703.000
702.000
699.000
700.000
700.000
701.000
700.000
699.000
699.000
702.000
700.000
702.000
697.000
703.000
701.000
702.000
699.000
698.000
697.000
699.000
699.000
699.000
701.000
700.000
702.000
704.000
697.000
705.000
700.000
698.000
698.000
700.000
702.000
699.000
702.000
702.000
703.000
705.000
708.000
704.000
703.000
700.000
700.000
703.000
698.000
700.000
702.000
702.000
702.000
699.000
702.000
699.000
702.000
702.000
701.000
701.000
703.000
704.000
702.000
703.000
704.000
700.000
701.000
700.000
702.000
704.000
705.000
706.000
699.000
707.000
704.000
697.000
704.000
698.000
701.000
704.000
703.000
703.000
702.000
701.000
705.000
701.000
699.000
701.000
700.000
707.000
708.000
702.000
699.000
702.000
702.000
706.000
703.000
702.000
702.000
702.000
701.000
703.000
705.000
701.000
704.000
701.000
702.000
700.000
707.000
705.000
702.000
706.000
707.000
703.000
705.000
701.000
706.000
701.000
704.000
704.000
703.000
705.000
707.000
704.000
699.000
702.000
703.000
706.000
721.000
708.000
741.000
711.000
702.000
707.000
705.000
710.000
707.000
705.000
703.000
706.000
705.000
700.000
709.000
706.000
710.000
708.000
704.000
707.000
712.000
709.000
713.000
715.000
712.000
714.000
714.000
712.000
711.000
708.000
712.000
713.000
714.000
716.000
722.000
717.000
722.000
723.000
729.000
730.000
740.000
745.000
746.000
761.000
770.000
776.000
771.000
782.000
765.000
769.000
757.000
745.000
753.000
747.000
754.000
748.000
749.000
749.000
745.000
747.000
750.000
751.000
756.000
753.000
751.000
747.000
748.000
752.000
767.000
834.000
844.000
848.000
790.000
754.000
752.000
751.000
738.000
745.000
740.000
733.000
739.000
738.000
735.000
735.000
733.000
734.000
729.000
723.000
727.000
730.000
725.000
730.000
726.000
724.000
728.000
724.000
722.000
724.000
722.000
718.000
715.000
719.000
716.000
717.000
713.000
716.000
708.000
709.000
712.000
711.000
710.000
714.000
710.000
714.000
711.000
713.000
710.000
708.000
712.000
713.000
710.000
709.000
709.000
713.000
708.000
712.000
708.000
712.000
708.000
711.000
721.000
713.000
706.000
706.000
713.000
712.000
710.000
704.000
708.000
711.000
707.000
708.000
709.000
704.000
711.000
706.000
704.000
709.000
713.000
709.000
705.000
711.000
707.000
710.000
710.000
712.000
704.000
710.000
704.000
711.000
708.000
705.000
705.000
708.000
710.000
707.000
711.000
707.000
705.000
708.000
708.000
705.000
705.000
708.000
709.000
704.000
705.000
711.000
705.000
708.000
707.000
707.000
707.000
706.000
709.000
704.000
707.000
707.000
706.000
707.000
711.000
707.000
705.000
705.000
707.000
709.000
711.000
714.000
712.000
711.000
708.000
713.000
712.000
708.000
712.000
702.000
707.000
710.000
709.000
709.000
706.000
713.000
706.000
707.000
708.000
712.000
707.000
704.000
705.000
709.000
707.000
708.000
711.000
706.000
708.000
707.000
703.000
715.000
709.000
709.000
709.000
712.000
710.000
703.000
709.000
707.000
711.000
711.000
707.000
710.000
711.000
706.000
710.000
708.000
712.000
726.000
742.000
719.000
713.000
711.000
712.000
710.000
707.000
710.000
708.000
710.000
710.000
728.000
740.000
723.000
717.000
711.000
714.000
714.000
718.000
724.000
723.000
719.000
717.000
718.000
717.000
712.000
711.000
719.000
721.000
721.000
725.000
722.000
721.000
722.000
723.000
725.000
722.000
728.000
722.000
722.000
726.000
720.000
721.000
729.000
723.000
720.000
720.000
721.000
715.000
721.000
724.000
729.000
719.000
716.000
719.000
724.000
723.000
722.000
730.000
742.000
736.000
739.000
724.000
728.000
723.000
715.000
718.000
715.000
716.000
712.000
719.000
716.000
716.000
713.000
717.000
713.000
712.000
712.000
714.000
719.000
713.000
716.000
723.000
716.000
717.000
718.000
722.000
718.000
721.000
723.000
727.000
723.000
720.000
734.000
732.000
731.000
730.000
725.000
723.000
716.000
715.000
715.000
718.000
716.000
718.000
719.000
716.000
712.000
711.000
709.000
713.000
716.000
719.000
713.000
711.000
715.000
713.000
711.000
709.000
714.000
714.000
711.000
716.000
712.000
717.000
715.000
715.000
720.000
719.000
718.000
724.000
723.000
722.000
716.000
719.000
719.000
717.000
713.000
711.000
713.000
711.000
706.000
711.000
712.000
712.000
710.000
709.000
713.000
708.000
710.000
711.000
713.000
707.000
713.000
711.000
711.000
712.000
705.000
718.000
711.000
709.000
715.000
708.000
718.000
747.000
709.000
713.000
713.000
711.000
710.000
713.000
713.000
712.000
709.000
710.000
714.000
714.000
712.000
713.000
716.000
713.000
722.000
714.000
716.000
711.000
715.000
724.000
721.000
724.000
724.000
725.000
732.000
732.000
736.000
750.000
752.000
767.000
794.000
816.000
863.000
919.000
976.000
940.000
910.000
865.000
832.000
796.000
792.000
778.000
770.000
772.000
762.000
761.000
754.000
764.000
754.000
753.000
746.000
743.000
753.000
747.000
749.000
752.000
747.000
743.000
739.000
735.000
732.000
731.000
726.000
725.000
731.000
726.000
718.000
719.000
720.000
722.000
720.000
714.000
715.000
720.000
712.000
713.000
714.000
717.000
714.000
717.000
717.000
713.000
716.000
714.000
715.000
719.000
719.000
715.000
714.000
716.000
713.000
717.000
718.000
724.000
720.000
717.000
716.000
716.000
716.000
710.000
716.000
720.000
718.000
715.000
720.000
720.000
722.000
719.000
717.000
719.000
717.000
714.000
721.000
716.000
719.000
719.000
715.000
717.000
719.000
713.000
713.000
718.000
722.000
716.000
721.000
719.000
715.000
720.000
721.000
714.000
711.000
721.000
714.000
716.000
717.000
716.000
715.000
718.000
714.000
714.000
716.000
711.000
713.000
719.000
716.000
721.000
717.000
721.000
725.000
720.000
725.000
726.000
729.000
735.000
736.000
730.000
723.000
725.000
720.000
715.000
717.000
711.000
712.000
710.000
712.000
712.000
709.000
713.000
711.000
707.000
711.000
707.000
712.000
707.000
708.000
709.000
713.000
710.000
709.000
707.000
711.000
706.000
704.000
703.000
708.000
707.000
706.000
709.000
706.000
709.000
699.000
712.000
706.000
701.000
706.000
705.000
711.000
707.000
707.000
705.000
701.000
703.000
707.000
705.000
708.000
705.000
705.000
704.000
705.000
702.000
703.000
706.000
706.000
709.000
704.000
703.000
703.000
706.000
708.000
709.000
711.000
704.000
710.000
708.000
706.000
704.000
705.000
706.000
707.000
711.000
708.000
704.000
707.000
708.000
705.000
708.000
709.000
705.000
705.000
708.000
709.000
705.000
708.000
706.000
712.000
709.000
708.000
708.000
706.000
707.000
705.000
707.000
707.000
710.000
707.000
708.000
707.000
710.000
704.000
705.000
707.000
708.000
706.000
702.000
706.000
708.000
707.000
705.000
705.000
705.000
711.000
712.000
717.000
708.000
714.000
716.000
708.000
712.000
705.000
710.000
709.000
706.000
707.000
709.000
703.000
706.000
706.000
709.000
707.000
713.000
710.000
711.000
708.000
704.000
705.000
707.000
709.000
704.000
707.000
707.000
704.000
708.000
705.000
700.000
702.000
702.000
702.000
705.000
704.000
708.000
704.000
709.000
704.000
701.000
705.000
708.000
705.000
707.000
706.000
706.000
705.000
706.000
699.000
704.000
708.000
708.000
702.000
703.000
704.000
704.000
704.000
708.000
700.000
702.000
709.000
702.000
704.000
701.000
701.000
706.000
705.000
703.000
697.000
705.000
700.000
704.000
706.000
707.000
706.000
709.000
708.000
700.000
709.000
705.000
707.000
709.000
704.000
707.000
704.000
708.000
700.000
702.000
702.000
693.000
692.000
695.000
693.000
