484.903
485.091
485.279
485.466
485.654
485.841
486.029
486.216
486.404
486.591
486.779
486.966
487.153
487.341
487.528
487.715
487.902
488.090
488.277
488.464
488.651
488.838
489.025
489.212
489.399
489.586
489.773
489.960
490.147
490.334
490.521
490.708
490.895
491.082
491.268
491.455
491.642
491.829
492.015
492.202
492.388
492.575
492.762
492.948
493.135
493.321
493.508
493.694
493.881
494.067
494.253
494.440
494.626
494.812
494.998
495.185
495.371
495.557
495.743
495.929
496.115
496.302
496.488
496.674
496.860
497.046
497.232
497.417
497.603
497.789
497.975
498.161
498.347
498.532
498.718
498.904
499.090
499.275
499.461
499.646
499.832
500.018
500.203
500.389
500.574
500.759
500.945
501.130
501.316
501.501
501.686
501.872
502.057
502.242
502.427
502.612
502.798
502.983
503.168
503.353
503.538
503.723
503.908
504.093
504.278
504.463
504.648
504.833
505.017
505.202
505.387
505.572
505.757
505.941
506.126
506.311
506.495
506.680
506.864
507.049
507.233
507.418
507.602
507.787
507.971
508.156
508.340
508.524
508.709
508.893
509.077
509.261
509.446
509.630
509.814
509.998
510.182
510.366
510.550
510.734
510.918
511.102
511.286
511.470
511.654
511.838
512.022
512.205
512.389
512.573
512.757
512.940
513.124
513.308
513.491
513.675
513.858
514.042
514.226
514.409
514.592
514.776
514.959
515.143
515.326
515.509
515.693
515.876
516.059
516.242
516.426
516.609
516.792
516.975
517.158
517.341
517.524
517.707
517.890
518.073
518.256
518.439
518.622
518.805
518.987
519.170
519.353
519.536
519.718
519.901
520.084
520.266
520.449
520.631
520.814
520.996
521.179
521.361
521.544
521.726
521.909
522.091
522.273
522.456
522.638
522.820
523.002
523.185
523.367
523.549
523.731
523.913
524.095
524.277
524.459
524.641
524.823
525.005
525.187
525.369
525.551
525.732
525.914
526.096
526.278
526.459
526.641
526.823
527.004
527.186
527.367
527.549
527.731
527.912
528.093
528.275
528.456
528.638
528.819
529.000
529.182
529.363
529.544
529.725
529.907
530.088
530.269
530.450
530.631
530.812
530.993
531.174
531.355
531.536
531.717
531.898
532.079
532.259
532.440
532.621
532.802
532.983
533.163
533.344
533.525
533.705
533.886
534.066
534.247
534.427
534.608
534.788
534.969
535.149
535.329
535.510
535.690
535.870
536.051
536.231
536.411
536.591
536.771
536.951
537.132
537.312
537.492
537.672
537.852
538.032
538.212
538.391
538.571
538.751
538.931
539.111
539.291
539.470
539.650
539.830
540.009
540.189
540.368
540.548
540.728
540.907
541.087
541.266
541.445
541.625
541.804
541.984
542.163
542.342
542.521
542.701
542.880
543.059
543.238
543.417
543.596
543.776
543.955
544.134
544.313
544.492
544.670
544.849
545.028
545.207
545.386
545.565
545.743
545.922
546.101
546.280
546.458
546.637
546.815
546.994
547.173
547.351
547.530
547.708
547.886
548.065
548.243
548.422
548.600
548.778
548.956
549.135
549.313
549.491
549.669
549.847
550.025
550.203
550.381
550.559
550.737
550.915
551.093
551.271
551.449
551.627
551.805
551.983
552.160
552.338
552.516
552.693
552.871
553.049
553.226
553.404
553.581
553.759
553.936
554.114
554.291
554.469
554.646
554.823
555.001
555.178
555.355
555.532
555.710
555.887
556.064
556.241
556.418
556.595
556.772
556.949
557.126
557.303
557.480
557.657
557.834
558.011
558.187
558.364
558.541
558.718
558.894
559.071
559.248
559.424
559.601
559.777
559.954
560.130
560.307
560.483
560.660
560.836
561.012
561.189
561.365
561.541
561.717
561.894
562.070
562.246
562.422
562.598
562.774
562.950
563.126
563.302
563.478
563.654
563.830
564.006
564.182
564.358
564.533
564.709
564.885
565.061
565.236
565.412
565.587
565.763
565.939
566.114
566.290
566.465
566.641
566.816
566.991
567.167
567.342
567.517
567.693
567.868
568.043
568.218
568.393
568.568
568.744
568.919
569.094
569.269
569.444
569.619
569.794
569.968
570.143
570.318
570.493
570.668
570.842
571.017
571.192
571.367
571.541
571.716
571.890
572.065
572.239
572.414
572.588
572.763
572.937
573.112
573.286
573.460
573.635
573.809
573.983
574.157
574.331
574.506
574.680
574.854
575.028
575.202
575.376
575.550
575.724
575.898
576.072
576.246
576.419
576.593
576.767
576.941
577.114
577.288
577.462
577.635
577.809
577.983
578.156
578.330
578.503
578.677
578.850
579.023
579.197
579.370
579.543
579.717
579.890
580.063
580.236
580.410
580.583
580.756
580.929
581.102
581.275
581.448
581.621
581.794
581.967
582.140
582.312
582.485
582.658
582.831
583.004
583.176
583.349
583.522
583.694
583.867
584.039
584.212
584.384
584.557
584.729
584.902
585.074
585.246
585.419
585.591
585.763
585.935
586.108
586.280
586.452
586.624
586.796
586.968
587.140
587.312
587.484
587.656
587.828
588.000
588.172
588.344
588.515
588.687
588.859
589.031
589.202
589.374
589.546
589.717
589.889
590.060
590.232
590.403
590.575
590.746
590.918
591.089
591.260
591.432
591.603
591.774
591.945
592.116
592.288
592.459
592.630
592.801
592.972
593.143
593.314
593.485
593.656
593.827
593.997
594.168
594.339
594.510
594.681
594.851
595.022
595.193
595.363
595.534
595.704
595.875
596.045
596.216
596.386
596.557
596.727
596.897
597.068
597.238
597.408
597.579
597.749
597.919
598.089
598.259
598.429
598.599
598.769
598.939
599.109
599.279
599.449
599.619
599.789
599.959
600.129
600.298
600.468
600.638
600.807
600.977
601.147
601.316
601.486
601.655
601.825
601.994
602.164
602.333
602.503
602.672
602.841
603.010
603.180
603.349
603.518
603.687
603.856
604.026
604.195
604.364
604.533
604.702
604.871
605.040
605.208
605.377
605.546
605.715
605.884
606.052
606.221
606.390
606.559
606.727
606.896
607.064
607.233
607.401
607.570
607.738
607.907
608.075
608.243
608.412
608.580
608.748
608.917
609.085
609.253
609.421
609.589
609.757
609.925
610.093
610.261
610.429
610.597
610.765
610.933
611.101
611.269
611.437
611.604
611.772
611.940
612.107
612.275
612.443
612.610
612.778
612.945
613.113
613.280
613.448
613.615
613.782
613.950
614.117
614.284
614.451
614.619
614.786
614.953
615.120
615.287
615.454
615.621
615.788
615.955
616.122
616.289
616.456
616.623
616.790
616.957
617.123
617.290
617.457
617.623
617.790
617.957
618.123
618.290
618.456
618.623
618.789
618.956
619.122
619.288
619.455
619.621
619.787
619.954
620.120
620.286
620.452
620.618
620.784
620.950
621.116
621.282
621.448
621.614
621.780
621.946
622.112
622.278
622.443
622.609
622.775
622.941
623.106
623.272
623.438
623.603
623.769
623.934
624.100
624.265
624.431
624.596
624.761
624.927
625.092
625.257
625.422
625.588
625.753
625.918
626.083
626.248
626.413
626.578
626.743
626.908
627.073
627.238
627.403
627.568
627.732
627.897
628.062
628.227
628.391
628.556
628.721
628.885
629.050
629.214
629.379
629.543
629.708
629.872
630.036
630.201
630.365
630.529
630.694
630.858
631.022
631.186
631.350
631.514
631.679
631.843
632.007
632.171
632.334
632.498
632.662
632.826
632.990
633.154
633.317
633.481
633.645
633.809
633.972
634.136
634.299
634.463
634.626
634.790
634.953
635.117
635.280
635.444
635.607
635.770
635.933
636.097
636.260
636.423
636.586
636.749
636.912
637.075
637.238
637.401
637.564
637.727
637.890
638.053
638.216
638.379
638.541
638.704
638.867
639.029
639.192
639.355
639.517
639.680
639.842
640.005
640.167
640.330
640.492
640.654
640.817
640.979
641.141
641.304
641.466
641.628
641.790
641.952
642.114
642.276
642.438
642.600
642.762
642.924
643.086
643.248
643.410
643.572
643.733
643.895
644.057
644.218
644.380
644.542
644.703
644.865
645.026
645.188
645.349
645.511
645.672
645.833
645.995
646.156
646.317
646.479
646.640
646.801
646.962
647.123
647.284
647.445
647.606
647.767
647.928
648.089
648.250
648.411
648.572
648.732
648.893
649.054
649.215
649.375
649.536
649.697
649.857
650.018
650.178
650.339
650.499
650.660
650.820
650.980
651.141
651.301
651.461
651.621
651.782
651.942
652.102
652.262
652.422
652.582
652.742
652.902
653.062
653.222
653.382
653.542
653.701
653.861
654.021
654.181
654.340
654.500
654.660
654.819
654.979
655.138
655.298
655.457
655.617
655.776
655.935
656.095
656.254
656.413
656.573
656.732
656.891
657.050
657.209
657.368
657.527
657.686
657.845
658.004
658.163
658.322
658.481
658.640
658.799
658.957
659.116
659.275
659.433
659.592
659.751
659.909
660.068
660.226
660.385
660.543
660.702
660.860
661.018
661.177
661.335
661.493
661.651
661.810
661.968
662.126
662.284
662.442
662.600
662.758
662.916
663.074
663.232
663.390
663.548
663.705
663.863
664.021
664.179
664.336
664.494
664.652
664.809
664.967
665.124
665.282
665.439
