715.000
697.000
694.000
691.000
698.000
695.000
700.000
698.000
697.000
698.000
699.000
703.000
697.000
699.000
700.000
695.000
698.000
702.000
700.000
696.000
697.000
703.000
698.000
699.000
699.000
697.000
701.000
703.000
697.000
700.000
699.000
702.000
703.000
702.000
701.000
705.000
702.000
702.000
697.000
702.000
702.000
695.000
703.000
701.000
700.000
699.000
701.000
698.000
697.000
702.000
703.000
704.000
699.000
699.000
699.000
701.000
699.000
703.000
695.000
703.000
700.000
703.000
701.000
700.000
699.000
703.000
701.000
699.000
702.000
698.000
706.000
704.000
699.000
702.000
698.000
698.000
700.000
701.000
702.000
704.000
697.000
701.000
702.000
702.000
697.000
702.000
699.000
701.000
705.000
706.000
703.000
701.000
698.000
701.000
701.000
703.000
698.000
703.000
700.000
703.000
702.000
704.000
701.000
705.000
705.000
703.000
696.000
699.000
699.000
703.000
700.000
703.000
705.000
697.000
701.000
704.000
699.000
702.000
699.000
703.000
701.000
701.000
700.000
700.000
702.000
704.000
701.000
702.000
696.000
700.000
709.000
705.000
701.000
703.000
702.000
699.000
698.000
704.000
701.000
713.000
703.000
703.000
701.000
706.000
699.000
703.000
700.000
699.000
702.000
702.000
702.000
702.000
699.000
701.000
700.000
701.000
703.000
702.000
702.000
704.000
702.000
702.000
704.000
698.000
701.000
701.000
702.000
695.000
701.000
701.000
698.000
702.000
696.000
701.000
700.000
706.000
704.000
703.000
704.000
700.000
703.000
702.000
702.000
704.000
701.000
700.000
704.000
700.000
703.000
704.000
698.000
702.000
703.000
705.000
700.000
699.000
701.000
703.000
701.000
697.000
703.000
705.000
702.000
704.000
704.000
701.000
698.000
704.000
706.000
705.000
702.000
706.000
701.000
703.000
703.000
703.000
704.000
703.000
699.000
696.000
705.000
705.000
697.000
706.000
701.000
703.000
708.000
702.000
699.000
698.000
705.000
706.000
705.000
702.000
701.000
707.000
703.000
699.000
701.000
705.000
705.000
700.000
702.000
700.000
711.000
701.000
701.000
704.000
705.000
703.000
702.000
701.000
705.000
704.000
705.000
707.000
704.000
703.000
702.000
705.000
702.000
705.000
702.000
704.000
725.000
706.000
742.000
707.000
701.000
706.000
705.000
704.000
701.000
707.000
707.000
703.000
704.000
702.000
703.000
702.000
703.000
701.000
708.000
710.000
707.000
706.000
707.000
713.000
711.000
714.000
711.000
708.000
712.000
711.000
712.000
712.000
714.000
717.000
718.000
721.000
729.000
722.000
728.000
726.000
728.000
735.000
750.000
762.000
766.000
781.000
771.000
771.000
763.000
764.000
754.000
749.000
749.000
747.000
748.000
744.000
744.000
757.000
749.000
745.000
744.000
751.000
749.000
750.000
749.000
744.000
746.000
753.000
759.000
824.000
844.000
838.000
797.000
746.000
747.000
749.000
745.000
746.000
744.000
738.000
737.000
733.000
737.000
736.000
735.000
733.000
729.000
724.000
731.000
722.000
729.000
726.000
722.000
730.000
723.000
720.000
720.000
719.000
720.000
722.000
719.000
717.000
714.000
717.000
719.000
714.000
713.000
713.000
710.000
716.000
712.000
714.000
710.000
710.000
708.000
708.000
710.000
705.000
715.000
707.000
712.000
709.000
709.000
710.000
710.000
709.000
711.000
711.000
709.000
709.000
721.000
709.000
709.000
711.000
709.000
708.000
707.000
706.000
708.000
713.000
707.000
709.000
706.000
709.000
709.000
711.000
708.000
707.000
713.000
711.000
708.000
714.000
705.000
707.000
706.000
707.000
708.000
711.000
707.000
706.000
704.000
708.000
702.000
708.000
708.000
705.000
707.000
707.000
708.000
708.000
706.000
711.000
707.000
710.000
710.000
706.000
708.000
707.000
706.000
707.000
707.000
709.000
705.000
705.000
708.000
710.000
708.000
714.000
708.000
708.000
708.000
707.000
708.000
711.000
704.000
708.000
713.000
708.000
707.000
707.000
710.000
710.000
709.000
709.000
711.000
709.000
710.000
711.000
708.000
707.000
706.000
703.000
709.000
705.000
709.000
713.000
708.000
707.000
711.000
714.000
705.000
707.000
706.000
710.000
714.000
709.000
712.000
709.000
711.000
706.000
707.000
706.000
711.000
711.000
708.000
712.000
712.000
708.000
714.000
710.000
711.000
715.000
708.000
709.000
709.000
722.000
743.000
721.000
713.000
707.000
708.000
708.000
708.000
705.000
710.000
705.000
712.000
728.000
742.000
720.000
718.000
712.000
716.000
711.000
720.000
717.000
723.000
722.000
719.000
713.000
721.000
721.000
716.000
719.000
717.000
720.000
728.000
724.000
726.000
723.000
718.000
725.000
720.000
721.000
722.000
727.000
721.000
722.000
727.000
722.000
726.000
719.000
727.000
719.000
729.000
721.000
720.000
728.000
717.000
718.000
717.000
714.000
722.000
726.000
730.000
745.000
744.000
741.000
730.000
726.000
718.000
718.000
720.000
718.000
715.000
714.000
711.000
714.000
715.000
714.000
712.000
716.000
715.000
718.000
712.000
719.000
712.000
717.000
711.000
719.000
724.000
721.000
715.000
716.000
720.000
719.000
723.000
724.000
729.000
734.000
734.000
728.000
725.000
723.000
717.000
719.000
717.000
708.000
714.000
714.000
721.000
714.000
717.000
713.000
716.000
711.000
710.000
714.000
710.000
713.000
720.000
713.000
716.000
713.000
712.000
711.000
715.000
708.000
716.000
711.000
714.000
714.000
714.000
717.000
717.000
718.000
717.000
719.000
716.000
725.000
721.000
719.000
719.000
714.000
717.000
711.000
711.000
717.000
715.000
716.000
714.000
711.000
712.000
712.000
712.000
712.000
711.000
710.000
707.000
706.000
712.000
711.000
711.000
708.000
710.000
714.000
709.000
713.000
712.000
713.000
747.000
712.000
716.000
712.000
713.000
708.000
711.000
712.000
720.000
710.000
708.000
711.000
711.000
712.000
711.000
717.000
715.000
723.000
714.000
719.000
713.000
718.000
719.000
726.000
720.000
720.000
726.000
730.000
737.000
737.000
743.000
750.000
766.000
775.000
817.000
851.000
922.000
950.000
946.000
905.000
861.000
826.000
799.000
793.000
771.000
763.000
763.000
765.000
761.000
753.000
755.000
749.000
754.000
748.000
755.000
747.000
752.000
750.000
748.000
739.000
736.000
737.000
736.000
726.000
725.000
729.000
724.000
724.000
728.000
718.000
722.000
718.000
718.000
719.000
719.000
715.000
716.000
716.000
713.000
713.000
721.000
716.000
715.000
716.000
715.000
712.000
715.000
712.000
713.000
716.000
717.000
716.000
717.000
718.000
718.000
723.000
730.000
716.000
716.000
711.000
715.000
719.000
712.000
712.000
715.000
718.000
723.000
720.000
717.000
719.000
716.000
719.000
720.000
720.000
719.000
719.000
716.000
720.000
715.000
722.000
713.000
716.000
721.000
721.000
717.000
719.000
726.000
714.000
718.000
714.000
719.000
714.000
716.000
714.000
718.000
713.000
716.000
715.000
710.000
716.000
719.000
713.000
719.000
714.000
718.000
717.000
716.000
714.000
718.000
720.000
716.000
721.000
719.000
721.000
727.000
726.000
740.000
733.000
730.000
731.000
723.000
718.000
716.000
711.000
712.000
712.000
708.000
714.000
707.000
711.000
708.000
711.000
706.000
707.000
709.000
712.000
708.000
711.000
704.000
711.000
705.000
712.000
700.000
706.000
709.000
711.000
710.000
709.000
708.000
708.000
704.000
705.000
707.000
705.000
704.000
708.000
704.000
704.000
707.000
705.000
703.000
703.000
705.000
709.000
704.000
707.000
703.000
707.000
707.000
704.000
703.000
705.000
701.000
706.000
706.000
705.000
702.000
707.000
706.000
706.000
709.000
708.000
705.000
708.000
705.000
703.000
707.000
706.000
701.000
708.000
701.000
710.000
705.000
706.000
702.000
707.000
707.000
705.000
709.000
704.000
707.000
702.000
708.000
712.000
705.000
706.000
701.000
707.000
705.000
704.000
710.000
705.000
705.000
705.000
708.000
711.000
706.000
708.000
705.000
702.000
708.000
706.000
707.000
705.000
708.000
710.000
706.000
711.000
704.000
706.000
707.000
703.000
709.000
707.000
711.000
714.000
713.000
711.000
708.000
710.000
711.000
704.000
709.000
707.000
703.000
707.000
711.000
702.000
705.000
707.000
705.000
712.000
710.000
709.000
705.000
707.000
711.000
705.000
707.000
708.000
706.000
709.000
704.000
702.000
707.000
706.000
705.000
709.000
702.000
703.000
708.000
705.000
705.000
704.000
700.000
703.000
708.000
707.000
707.000
708.000
706.000
706.000
708.000
706.000
709.000
706.000
705.000
702.000
707.000
706.000
702.000
706.000
707.000
707.000
707.000
708.000
710.000
706.000
704.000
705.000
706.000
702.000
704.000
708.000
704.000
703.000
703.000
703.000
703.000
705.000
706.000
709.000
707.000
708.000
700.000
706.000
704.000
710.000
705.000
703.000
701.000
703.000
702.000
704.000
700.000
703.000
692.000
693.000
691.000
693.000
