716.000
699.000
696.000
695.000
697.000
697.000
698.000
697.000
703.000
704.000
697.000
700.000
698.000
697.000
699.000
699.000
699.000
702.000
700.000
697.000
702.000
699.000
697.000
702.000
698.000
702.000
701.000
702.000
698.000
698.000
707.000
701.000
700.000
704.000
702.000
700.000
702.000
702.000
707.000
704.000
701.000
702.000
705.000
705.000
706.000
702.000
705.000
706.000
694.000
700.000
699.000
702.000
703.000
704.000
700.000
705.000
703.000
699.000
701.000
706.000
703.000
702.000
707.000
703.000
705.000
700.000
706.000
696.000
702.000
706.000
704.000
701.000
701.000
705.000
699.000
704.000
702.000
700.000
710.000
702.000
705.000
703.000
703.000
697.000
698.000
703.000
703.000
698.000
705.000
704.000
703.000
704.000
698.000
703.000
703.000
703.000
701.000
705.000
707.000
702.000
701.000
705.000
703.000
703.000
703.000
704.000
701.000
701.000
702.000
704.000
702.000
701.000
696.000
701.000
701.000
702.000
703.000
702.000
704.000
704.000
705.000
701.000
700.000
699.000
706.000
705.000
701.000
704.000
701.000
703.000
706.000
703.000
702.000
702.000
701.000
698.000
705.000
705.000
701.000
714.000
702.000
705.000
702.000
700.000
703.000
702.000
702.000
701.000
699.000
702.000
702.000
700.000
699.000
704.000
704.000
700.000
701.000
699.000
699.000
702.000
703.000
703.000
701.000
701.000
698.000
705.000
703.000
705.000
702.000
702.000
703.000
703.000
703.000
703.000
698.000
704.000
701.000
703.000
704.000
704.000
703.000
702.000
706.000
703.000
704.000
705.000
699.000
705.000
702.000
700.000
706.000
701.000
705.000
706.000
701.000
702.000
704.000
698.000
706.000
699.000
702.000
701.000
709.000
702.000
704.000
701.000
701.000
702.000
703.000
700.000
701.000
702.000
703.000
697.000
702.000
705.000
701.000
702.000
702.000
702.000
702.000
704.000
699.000
700.000
701.000
706.000
705.000
705.000
701.000
706.000
705.000
705.000
705.000
703.000
709.000
706.000
705.000
706.000
703.000
700.000
705.000
700.000
707.000
704.000
707.000
704.000
710.000
702.000
708.000
705.000
707.000
703.000
708.000
705.000
701.000
708.000
704.000
706.000
705.000
710.000
703.000
705.000
705.000
705.000
733.000
707.000
743.000
712.000
705.000
708.000
705.000
704.000
702.000
710.000
704.000
708.000
704.000
704.000
705.000
704.000
709.000
710.000
706.000
709.000
709.000
708.000
711.000
710.000
713.000
712.000
712.000
712.000
716.000
709.000
714.000
711.000
720.000
715.000
714.000
722.000
723.000
729.000
728.000
736.000
738.000
746.000
746.000
760.000
776.000
786.000
782.000
773.000
764.000
766.000
764.000
753.000
749.000
745.000
749.000
750.000
752.000
755.000
750.000
753.000
756.000
758.000
754.000
750.000
749.000
752.000
754.000
751.000
770.000
833.000
858.000
850.000
794.000
753.000
746.000
750.000
749.000
747.000
746.000
739.000
732.000
728.000
731.000
734.000
734.000
735.000
732.000
729.000
728.000
728.000
729.000
722.000
728.000
733.000
726.000
720.000
722.000
722.000
725.000
724.000
718.000
719.000
717.000
716.000
711.000
719.000
722.000
717.000
711.000
713.000
718.000
713.000
718.000
715.000
711.000
716.000
710.000
712.000
712.000
710.000
711.000
712.000
714.000
715.000
710.000
706.000
709.000
707.000
710.000
711.000
714.000
712.000
713.000
709.000
710.000
709.000
705.000
708.000
707.000
708.000
710.000
708.000
706.000
711.000
708.000
708.000
710.000
710.000
710.000
711.000
712.000
712.000
712.000
710.000
709.000
715.000
709.000
703.000
712.000
709.000
709.000
709.000
710.000
707.000
706.000
706.000
705.000
711.000
709.000
711.000
707.000
708.000
709.000
708.000
707.000
704.000
712.000
706.000
706.000
713.000
706.000
708.000
710.000
712.000
708.000
710.000
704.000
704.000
708.000
709.000
706.000
707.000
710.000
708.000
711.000
714.000
713.000
708.000
709.000
712.000
712.000
710.000
707.000
711.000
707.000
709.000
708.000
707.000
713.000
704.000
710.000
709.000
713.000
705.000
706.000
712.000
712.000
708.000
711.000
712.000
709.000
709.000
707.000
707.000
707.000
707.000
711.000
714.000
710.000
710.000
710.000
708.000
714.000
710.000
713.000
712.000
708.000
711.000
709.000
709.000
717.000
714.000
712.000
713.000
708.000
734.000
746.000
722.000
712.000
709.000
713.000
710.000
716.000
710.000
712.000
712.000
718.000
728.000
742.000
722.000
717.000
717.000
712.000
711.000
717.000
725.000
728.000
721.000
717.000
720.000
721.000
719.000
714.000
718.000
715.000
722.000
723.000
721.000
718.000
729.000
723.000
730.000
724.000
727.000
722.000
725.000
728.000
727.000
719.000
726.000
718.000
722.000
727.000
718.000
719.000
722.000
718.000
722.000
720.000
720.000
722.000
718.000
722.000
726.000
730.000
752.000
740.000
734.000
727.000
729.000
725.000
719.000
716.000
720.000
718.000
717.000
718.000
716.000
716.000
719.000
718.000
712.000
711.000
719.000
712.000
712.000
719.000
719.000
719.000
720.000
719.000
720.000
716.000
720.000
721.000
723.000
726.000
727.000
724.000
730.000
733.000
729.000
728.000
724.000
719.000
718.000
716.000
713.000
713.000
722.000
719.000
712.000
716.000
710.000
719.000
709.000
723.000
716.000
714.000
714.000
718.000
709.000
715.000
713.000
715.000
711.000
714.000
716.000
718.000
711.000
718.000
714.000
717.000
721.000
718.000
719.000
726.000
719.000
723.000
720.000
719.000
724.000
717.000
718.000
715.000
717.000
715.000
715.000
716.000
713.000
715.000
707.000
716.000
716.000
710.000
710.000
711.000
711.000
706.000
711.000
706.000
709.000
711.000
712.000
712.000
712.000
711.000
712.000
711.000
712.000
752.000
711.000
717.000
711.000
712.000
712.000
709.000
712.000
712.000
713.000
712.000
715.000
712.000
717.000
714.000
716.000
715.000
718.000
716.000
717.000
715.000
716.000
722.000
723.000
726.000
721.000
723.000
730.000
737.000
741.000
746.000
750.000
767.000
789.000
814.000
860.000
937.000
968.000
956.000
904.000
857.000
834.000
799.000
783.000
773.000
767.000
775.000
769.000
773.000
757.000
749.000
754.000
750.000
752.000
756.000
751.000
752.000
748.000
746.000
749.000
747.000
732.000
735.000
732.000
729.000
728.000
727.000
725.000
720.000
726.000
722.000
717.000
724.000
718.000
715.000
718.000
716.000
719.000
715.000
721.000
715.000
715.000
713.000
713.000
716.000
714.000
714.000
712.000
716.000
711.000
721.000
718.000
718.000
716.000
723.000
727.000
727.000
722.000
719.000
716.000
720.000
720.000
713.000
712.000
718.000
720.000
718.000
721.000
718.000
723.000
718.000
712.000
722.000
721.000
718.000
720.000
722.000
718.000
719.000
717.000
718.000
723.000
719.000
721.000
727.000
720.000
722.000
721.000
719.000
715.000
720.000
715.000
722.000
717.000
719.000
720.000
722.000
718.000
719.000
721.000
720.000
718.000
716.000
720.000
718.000
716.000
717.000
717.000
720.000
718.000
720.000
721.000
716.000
724.000
730.000
729.000
740.000
729.000
728.000
727.000
726.000
721.000
714.000
710.000
713.000
714.000
711.000
711.000
707.000
709.000
711.000
707.000
713.000
711.000
711.000
707.000
708.000
709.000
706.000
716.000
706.000
706.000
710.000
711.000
708.000
706.000
705.000
708.000
706.000
706.000
713.000
707.000
705.000
708.000
706.000
705.000
707.000
708.000
706.000
709.000
703.000
709.000
709.000
708.000
713.000
709.000
706.000
705.000
710.000
708.000
709.000
711.000
703.000
707.000
708.000
701.000
704.000
704.000
701.000
706.000
707.000
708.000
706.000
709.000
706.000
709.000
704.000
707.000
707.000
709.000
710.000
707.000
709.000
709.000
707.000
713.000
706.000
704.000
708.000
708.000
708.000
707.000
703.000
710.000
716.000
705.000
705.000
708.000
706.000
707.000
706.000
707.000
706.000
709.000
710.000
710.000
713.000
711.000
710.000
706.000
711.000
705.000
709.000
701.000
709.000
710.000
709.000
701.000
711.000
706.000
709.000
705.000
704.000
710.000
712.000
712.000
715.000
712.000
708.000
714.000
711.000
714.000
709.000
707.000
708.000
710.000
709.000
710.000
708.000
705.000
705.000
705.000
710.000
708.000
708.000
705.000
705.000
708.000
706.000
709.000
706.000
705.000
709.000
705.000
707.000
708.000
705.000
703.000
706.000
707.000
711.000
706.000
714.000
700.000
705.000
702.000
705.000
709.000
705.000
706.000
709.000
708.000
704.000
705.000
708.000
708.000
709.000
707.000
709.000
705.000
707.000
704.000
706.000
705.000
702.000
703.000
709.000
704.000
704.000
703.000
705.000
704.000
700.000
704.000
703.000
703.000
706.000
702.000
706.000
705.000
704.000
706.000
712.000
710.000
707.000
706.000
705.000
710.000
707.000
706.000
702.000
699.000
703.000
702.000
702.000
704.000
696.000
695.000
695.000
693.000
